"DESCRIPTION","DURATION IN MS","NAME","PARENT SUITE","START TIME","STATUS","STOP TIME","SUB SUITE","SUITE","TEST CLASS","TEST METHOD"
"","15097","TC_OCC_2_1.py","","2026-06-09","passed","2026-06-09","","REPL Tests Linux - master","REPL Tests Linux - master",""
"","2896","TC_JFDS_2_4.py","","2026-06-09","passed","2026-06-09","","REPL Tests Linux - master","REPL Tests Linux - master",""
"","12960","TC_AVSUM_2_2.py","","2026-06-09","passed","2026-06-09","","REPL Tests Linux - master","REPL Tests Linux - master",""
"","7942","TC_OVENOPSTATE_2_1.py","","2026-06-09","passed","2026-06-09","","REPL Tests Linux - master","REPL Tests Linux - master",""
"","6875","TC_SEPR_2_3.py","","2026-06-09","passed","2026-06-09","","REPL Tests Linux - master","REPL Tests Linux - master",""
"","9802","TC_LUNIT_3_1.py","","2026-06-09","passed","2026-06-09","","REPL Tests Linux - master","REPL Tests Linux - master",""
"","9619","TC_TLSCERT_2_11.py","","2026-06-09","passed","2026-06-09","","REPL Tests Linux - master","REPL Tests Linux - master",""
"","6382","TC_CGEN_2_10.py","","2026-06-09","passed","2026-06-09","","REPL Tests Linux - master","REPL Tests Linux - master",""
"","7684","TC_ACL_2_2.py","","2026-06-09","passed","2026-06-09","","REPL Tests Linux - master","REPL Tests Linux - master",""
"","19222","TC_WEBRTCR_2_1.py","","2026-06-09","passed","2026-06-09","","REPL Tests Linux - master","REPL Tests Linux - master",""
"","7138","TC_WEBRTC_1_3.py","","2026-06-09","passed","2026-06-09","","REPL Tests Linux - master","REPL Tests Linux - master",""
"","7484","TC_DefaultWarnings.py","","2026-06-09","passed","2026-06-09","","REPL Tests Linux - master","REPL Tests Linux - master",""
"","7409","TC_AVSUM_2_5.py","","2026-06-09","passed","2026-06-09","","REPL Tests Linux - master","REPL Tests Linux - master",""
"","8121","TC_IDM_4_2.py","","2026-06-09","passed","2026-06-09","","REPL Tests Linux - master","REPL Tests Linux - master",""
"","7573","TC_OVENOPSTATE_2_5.py","","2026-06-09","passed","2026-06-09","","REPL Tests Linux - master","REPL Tests Linux - master",""
"","7334","TC_IDM_1_4.py","","2026-06-09","passed","2026-06-09","","REPL Tests Linux - master","REPL Tests Linux - master",""
"","8367","TC_ZONEMGMT_2_2.py","","2026-06-09","passed","2026-06-09","","REPL Tests Linux - master","REPL Tests Linux - master",""
"","6753","TC_AVSM_2_9.py","","2026-06-09","passed","2026-06-09","","REPL Tests Linux - master","REPL Tests Linux - master",""
"","7344","TC_WEBRTCP_2_23.py","","2026-06-09","passed","2026-06-09","","REPL Tests Linux - master","REPL Tests Linux - master",""
"","21292","TC_DRLK_2_2.py","","2026-06-09","passed","2026-06-09","","REPL Tests Linux - master","REPL Tests Linux - master",""
"","13468","TC_G_2_2.py","","2026-06-09","passed","2026-06-09","","REPL Tests Linux - master","REPL Tests Linux - master",""
"","6399","TC_WEBRTCP_2_13.py","","2026-06-09","passed","2026-06-09","","REPL Tests Linux - master","REPL Tests Linux - master",""
"","8992","TC_ACL_2_10.py","","2026-06-09","passed","2026-06-09","","REPL Tests Linux - master","REPL Tests Linux - master",""
"","6706","TC_ICDM_2_1.py","","2026-06-09","passed","2026-06-09","","REPL Tests Linux - master","REPL Tests Linux - master",""
"","9200","TC_TLSCERT_2_8.py","","2026-06-09","passed","2026-06-09","","REPL Tests Linux - master","REPL Tests Linux - master",""
"","6383","TC_DEM_2_9.py","","2026-06-09","passed","2026-06-09","","REPL Tests Linux - master","REPL Tests Linux - master",""
"","8678","TC_WASHERCTRL_2_1.py","","2026-06-09","passed","2026-06-09","","REPL Tests Linux - master","REPL Tests Linux - master",""
"","66709","TC_ICDB_2_4.py","","2026-06-09","passed","2026-06-09","","REPL Tests Linux - master","REPL Tests Linux - master",""
"","6003","TC_FAN_2_4.py","","2026-06-09","passed","2026-06-09","","REPL Tests Linux - master","REPL Tests Linux - master",""
"","9833","TC_IDM_3_2.py","","2026-06-09","passed","2026-06-09","","REPL Tests Linux - master","REPL Tests Linux - master",""
"","23724","TC_TIMESYNC_2_12.py","","2026-06-09","passed","2026-06-09","","REPL Tests Linux - master","REPL Tests Linux - master",""
"","12692","TC_OPSTATE_2_3.py","","2026-06-09","passed","2026-06-09","","REPL Tests Linux - master","REPL Tests Linux - master",""
"","14199","TC_WEBRTCR_2_4.py","","2026-06-09","passed","2026-06-09","","REPL Tests Linux - master","REPL Tests Linux - master",""
"","7029","TC_AVSM_2_10.py","","2026-06-09","passed","2026-06-09","","REPL Tests Linux - master","REPL Tests Linux - master",""
"","6089","TC_AVSM_2_15.py","","2026-06-09","passed","2026-06-09","","REPL Tests Linux - master","REPL Tests Linux - master",""
"","7020","TC_CADMIN_1_22.py","","2026-06-09","passed","2026-06-09","","REPL Tests Linux - master","REPL Tests Linux - master",""
"","9749","TC_TLSCLIENT_3_3.py","","2026-06-09","passed","2026-06-09","","REPL Tests Linux - master","REPL Tests Linux - master",""
"","19060","TC_AVSUM_2_3.py","","2026-06-09","passed","2026-06-09","","REPL Tests Linux - master","REPL Tests Linux - master",""
"","17463","TC_SC_3_4.py","","2026-06-09","passed","2026-06-09","","REPL Tests Linux - master","REPL Tests Linux - master",""
"","16107","TC_DEM_2_4.py","","2026-06-09","passed","2026-06-09","","REPL Tests Linux - master","REPL Tests Linux - master",""
"","6413","TC_SEPR_2_2.py","","2026-06-09","passed","2026-06-09","","REPL Tests Linux - master","REPL Tests Linux - master",""
"","11993","TC_CHIME_2_1.py","","2026-06-09","passed","2026-06-09","","REPL Tests Linux - master","REPL Tests Linux - master",""
"","6945","TC_CGEN_2_1.py","","2026-06-09","passed","2026-06-09","","REPL Tests Linux - master","REPL Tests Linux - master",""
"","19776","TC_SMOKECO_2_5.py","","2026-06-09","passed","2026-06-09","","REPL Tests Linux - master","REPL Tests Linux - master",""
"","5913","TC_ICDM_3_4.py","","2026-06-09","passed","2026-06-09","","REPL Tests Linux - master","REPL Tests Linux - master",""
"","14210","TC_OCC_2_3.py","","2026-06-09","passed","2026-06-09","","REPL Tests Linux - master","REPL Tests Linux - master",""
"","18624","TC_EEVSE_2_2.py","","2026-06-09","passed","2026-06-09","","REPL Tests Linux - master","REPL Tests Linux - master",""
"","8092","TC_WEBRTC_1_1.py","","2026-06-09","passed","2026-06-09","","REPL Tests Linux - master","REPL Tests Linux - master",""
"","9857","TC_TLSCERT_2_3.py","","2026-06-09","passed","2026-06-09","","REPL Tests Linux - master","REPL Tests Linux - master",""
"","108824","TC_PAVST_2_13.py","","2026-06-09","passed","2026-06-09","","REPL Tests Linux - master","REPL Tests Linux - master",""
"","12591","TC_OPCREDS_3_8.py","","2026-06-09","passed","2026-06-09","","REPL Tests Linux - master","REPL Tests Linux - master",""
"","5847","TC_MTRID_2_1.py","","2026-06-09","passed","2026-06-09","","REPL Tests Linux - master","REPL Tests Linux - master",""
"","7961","TC_TLSCERT_2_1.py","","2026-06-09","passed","2026-06-09","","REPL Tests Linux - master","REPL Tests Linux - master",""
"","8618","TC_CLDIM_4_2.py","","2026-06-09","passed","2026-06-09","","REPL Tests Linux - master","REPL Tests Linux - master",""
"","6839","TC_DA_1_7.py","","2026-06-09","passed","2026-06-09","","REPL Tests Linux - master","REPL Tests Linux - master",""
"","7900","TC_DA_1_5.py","","2026-06-09","passed","2026-06-09","","REPL Tests Linux - master","REPL Tests Linux - master",""
"","24156","TC_PAVST_2_12.py","","2026-06-09","passed","2026-06-09","","REPL Tests Linux - master","REPL Tests Linux - master",""
"","7591","TC_TSTAT_2_2.py","","2026-06-09","passed","2026-06-09","","REPL Tests Linux - master","REPL Tests Linux - master",""
"","6260","TC_RVCOPSTATE_2_4.py","","2026-06-09","passed","2026-06-09","","REPL Tests Linux - master","REPL Tests Linux - master",""
"","10973","TC_FAN_3_1.py","","2026-06-09","passed","2026-06-09","","REPL Tests Linux - master","REPL Tests Linux - master",""
"","6143","TC_EEVSE_2_5.py","","2026-06-09","passed","2026-06-09","","REPL Tests Linux - master","REPL Tests Linux - master",""
"","8613","TC_PAVST_2_5.py","","2026-06-09","passed","2026-06-09","","REPL Tests Linux - master","REPL Tests Linux - master",""
"","8019","TC_ACE_1_4.py","","2026-06-09","passed","2026-06-09","","REPL Tests Linux - master","REPL Tests Linux - master",""
"","6670","TC_CGEN_2_7.py","","2026-06-09","passed","2026-06-09","","REPL Tests Linux - master","REPL Tests Linux - master",""
"","6650","TC_VALCC_4_3.py","","2026-06-09","passed","2026-06-09","","REPL Tests Linux - master","REPL Tests Linux - master",""
"","6619","TC_TMP_2_1.py","","2026-06-09","passed","2026-06-09","","REPL Tests Linux - master","REPL Tests Linux - master",""
"","17589","TC_WEBRTCR_2_2.py","","2026-06-09","passed","2026-06-09","","REPL Tests Linux - master","REPL Tests Linux - master",""
"","8876","TC_DISHM_2_1.py","","2026-06-09","passed","2026-06-09","","REPL Tests Linux - master","REPL Tests Linux - master",""
"","7789","TC_BOOLCFG_5_2.py","","2026-06-09","passed","2026-06-09","","REPL Tests Linux - master","REPL Tests Linux - master",""
"","8707","TC_ACE_1_5.py","","2026-06-09","passed","2026-06-09","","REPL Tests Linux - master","REPL Tests Linux - master",""
"","41040","TC_OPSTATE_2_6.py","","2026-06-09","passed","2026-06-09","","REPL Tests Linux - master","REPL Tests Linux - master",""
"","9314","TC_DGGEN_2_4.py","","2026-06-09","passed","2026-06-09","","REPL Tests Linux - master","REPL Tests Linux - master",""
"","28027","TC_MCORE_FS_1_2.py","","2026-06-09","passed","2026-06-09","","REPL Tests Linux - master","REPL Tests Linux - master",""
"","7556","TC_TestEventTrigger.py","","2026-06-09","passed","2026-06-09","","REPL Tests Linux - master","REPL Tests Linux - master",""
"","23966","TC_TIMESYNC_2_10.py","","2026-06-09","passed","2026-06-09","","REPL Tests Linux - master","REPL Tests Linux - master",""
"","36490","TC_DRLK_2_12.py","","2026-06-09","passed","2026-06-09","","REPL Tests Linux - master","REPL Tests Linux - master",""
"","7838","TC_TSTAT_4_2.py","","2026-06-09","passed","2026-06-09","","REPL Tests Linux - master","REPL Tests Linux - master",""
"","9347","TC_CADMIN_1_11.py","","2026-06-09","passed","2026-06-09","","REPL Tests Linux - master","REPL Tests Linux - master",""
"","6924","TC_WEBRTCP_2_15.py","","2026-06-09","passed","2026-06-09","","REPL Tests Linux - master","REPL Tests Linux - master",""
"","23418","TC_SC_5_1.py","","2026-06-09","passed","2026-06-09","","REPL Tests Linux - master","REPL Tests Linux - master",""
"","6712","TC_EWATERHTR_2_3.py","","2026-06-09","passed","2026-06-09","","REPL Tests Linux - master","REPL Tests Linux - master",""
"","9306","TC_TLSCERT_2_6.py","","2026-06-09","passed","2026-06-09","","REPL Tests Linux - master","REPL Tests Linux - master",""
"","6243","TC_AVSUM_2_8.py","","2026-06-09","passed","2026-06-09","","REPL Tests Linux - master","REPL Tests Linux - master",""
"","21016","TC_CLCTRL_6_1.py","","2026-06-09","passed","2026-06-09","","REPL Tests Linux - master","REPL Tests Linux - master",""
"","6279","TC_CGEN_2_8.py","","2026-06-09","passed","2026-06-09","","REPL Tests Linux - master","REPL Tests Linux - master",""
"","18747","TC_OPCREDS_3_1.py","","2026-06-09","passed","2026-06-09","","REPL Tests Linux - master","REPL Tests Linux - master",""
"","22812","TC_CCTRL_2_2.py","","2026-06-09","passed","2026-06-09","","REPL Tests Linux - master","REPL Tests Linux - master",""
"","6382","TC_MWOCTRL_2_4.py","","2026-06-09","passed","2026-06-09","","REPL Tests Linux - master","REPL Tests Linux - master",""
"","14710","TC_FAN_4_1.py","","2026-06-09","passed","2026-06-09","","REPL Tests Linux - master","REPL Tests Linux - master",""
"","302116","TC_AccessChecker.py","","2026-06-09","passed","2026-06-09","","REPL Tests Linux - master","REPL Tests Linux - master",""
"","5900","TC_EGC_2_1.py","","2026-06-09","passed","2026-06-09","","REPL Tests Linux - master","REPL Tests Linux - master",""
"","7188","TC_COLORCONTROL.py","","2026-06-09","passed","2026-06-09","","REPL Tests Linux - master","REPL Tests Linux - master",""
"","8002","TC_CLCTRL_4_3.py","","2026-06-09","passed","2026-06-09","","REPL Tests Linux - master","REPL Tests Linux - master",""
"","7942","TC_AVSM_2_13.py","","2026-06-09","passed","2026-06-09","","REPL Tests Linux - master","REPL Tests Linux - master",""
"","23444","TC_EEVSE_2_10.py","","2026-06-09","passed","2026-06-09","","REPL Tests Linux - master","REPL Tests Linux - master",""
"","10319","TC_PAVST_2_11.py","","2026-06-09","passed","2026-06-09","","REPL Tests Linux - master","REPL Tests Linux - master",""
"","14434","TC_PAVST_2_9.py","","2026-06-09","passed","2026-06-09","","REPL Tests Linux - master","REPL Tests Linux - master",""
"","7129","TC_CC_6_5.py","","2026-06-09","passed","2026-06-09","","REPL Tests Linux - master","REPL Tests Linux - master",""
"","8537","TC_ACE_1_3.py","","2026-06-09","passed","2026-06-09","","REPL Tests Linux - master","REPL Tests Linux - master",""
"","6777","TC_VALCC_2_1.py","","2026-06-09","passed","2026-06-09","","REPL Tests Linux - master","REPL Tests Linux - master",""
"","6333","TC_SU_4_1.py","","2026-06-09","passed","2026-06-09","","REPL Tests Linux - master","REPL Tests Linux - master",""
"","27996","TC_SMOKECO_2_4.py","","2026-06-09","passed","2026-06-09","","REPL Tests Linux - master","REPL Tests Linux - master",""
"","6276","TC_ICDM_3_3.py","","2026-06-09","passed","2026-06-09","","REPL Tests Linux - master","REPL Tests Linux - master",""
"","11923","TC_IDM_1_2.py","","2026-06-09","passed","2026-06-09","","REPL Tests Linux - master","REPL Tests Linux - master",""
"","7278","TC_TIMESYNC_2_9.py","","2026-06-09","passed","2026-06-09","","REPL Tests Linux - master","REPL Tests Linux - master",""
"","6320","TC_DEM_2_8.py","","2026-06-09","passed","2026-06-09","","REPL Tests Linux - master","REPL Tests Linux - master",""
"","6687","TC_DEM_2_6.py","","2026-06-09","passed","2026-06-09","","REPL Tests Linux - master","REPL Tests Linux - master",""
"","36949","TC_TIMESYNC_2_11.py","","2026-06-09","passed","2026-06-09","","REPL Tests Linux - master","REPL Tests Linux - master",""
"","12926","TC_OVENOPSTATE_2_2.py","","2026-06-09","passed","2026-06-09","","REPL Tests Linux - master","REPL Tests Linux - master",""
"","6475","TC_LVL_9_1.py","","2026-06-09","passed","2026-06-09","","REPL Tests Linux - master","REPL Tests Linux - master",""
"","6188","TC_WHM_1_2.py","","2026-06-09","passed","2026-06-09","","REPL Tests Linux - master","REPL Tests Linux - master",""
"","7724","TC_PAVST_2_10.py","","2026-06-09","passed","2026-06-09","","REPL Tests Linux - master","REPL Tests Linux - master",""
"","122766","TC_IDM_4_3.py","","2026-06-09","passed","2026-06-09","","REPL Tests Linux - master","REPL Tests Linux - master",""
"","6953","TC_ZONEMGMT_2_1.py","","2026-06-09","passed","2026-06-09","","REPL Tests Linux - master","REPL Tests Linux - master",""
"","6094","TC_CGEN_2_5.py","","2026-06-09","passed","2026-06-09","","REPL Tests Linux - master","REPL Tests Linux - master",""
"","7546","TC_SMOKECO_2_1.py","","2026-06-09","passed","2026-06-09","","REPL Tests Linux - master","REPL Tests Linux - master",""
"","6576","TC_SEAR_1_4.py","","2026-06-09","passed","2026-06-09","","REPL Tests Linux - master","REPL Tests Linux - master",""
"","8503","TC_PAVST_2_3.py","","2026-06-09","passed","2026-06-09","","REPL Tests Linux - master","REPL Tests Linux - master",""
"","8142","TC_VALCC_3_4.py","","2026-06-09","passed","2026-06-09","","REPL Tests Linux - master","REPL Tests Linux - master",""
"","7647","TC_AVSM_2_14.py","","2026-06-09","passed","2026-06-09","","REPL Tests Linux - master","REPL Tests Linux - master",""
"","9264","TC_OVENOPSTATE_2_6.py","","2026-06-09","passed","2026-06-09","","REPL Tests Linux - master","REPL Tests Linux - master",""
"","8197","TC_WEBRTCP_2_22.py","","2026-06-09","passed","2026-06-09","","REPL Tests Linux - master","REPL Tests Linux - master",""
"","14314","TC_TIMESYNC_2_13.py","","2026-06-09","passed","2026-06-09","","REPL Tests Linux - master","REPL Tests Linux - master",""
"","6514","TC_GC_2_1.py","","2026-06-09","passed","2026-06-09","","REPL Tests Linux - master","REPL Tests Linux - master",""
"","5881","TC_FAN_2_1.py","","2026-06-09","passed","2026-06-09","","REPL Tests Linux - master","REPL Tests Linux - master",""
"","7143","TC_DRLK_2_5.py","","2026-06-09","passed","2026-06-09","","REPL Tests Linux - master","REPL Tests Linux - master",""
"","25924","TC_ECOINFO_2_1.py","","2026-06-09","passed","2026-06-09","","REPL Tests Linux - master","REPL Tests Linux - master",""
"","7103","TC_RVCCLEANM_1_2.py","","2026-06-09","passed","2026-06-09","","REPL Tests Linux - master","REPL Tests Linux - master",""
"","24650","TC_CADMIN_1_15.py","","2026-06-09","passed","2026-06-09","","REPL Tests Linux - master","REPL Tests Linux - master",""
"","7735","TC_OVENOPSTATE_2_4.py","","2026-06-09","passed","2026-06-09","","REPL Tests Linux - master","REPL Tests Linux - master",""
"","12602","TC_CHIME_2_4.py","","2026-06-09","passed","2026-06-09","","REPL Tests Linux - master","REPL Tests Linux - master",""
"","8582","TC_OTCCM_1_2.py","","2026-06-09","passed","2026-06-09","","REPL Tests Linux - master","REPL Tests Linux - master",""
"","35504","TC_SC_5_2.py","","2026-06-09","passed","2026-06-09","","REPL Tests Linux - master","REPL Tests Linux - master",""
"","7303","TC_RVCOPSTATE_2_1.py","","2026-06-09","passed","2026-06-09","","REPL Tests Linux - master","REPL Tests Linux - master",""
"","19592","TC_OO_2_7.py","","2026-06-09","passed","2026-06-09","","REPL Tests Linux - master","REPL Tests Linux - master",""
"","6025","TC_RVCRUNM_1_2.py","","2026-06-09","passed","2026-06-09","","REPL Tests Linux - master","REPL Tests Linux - master",""
"","11309","TC_TLSCLIENT_3_1.py","","2026-06-09","passed","2026-06-09","","REPL Tests Linux - master","REPL Tests Linux - master",""
"","10581","TC_TLSCLIENT_3_2.py","","2026-06-09","passed","2026-06-09","","REPL Tests Linux - master","REPL Tests Linux - master",""
"","12080","TC_CHIME_2_5.py","","2026-06-09","passed","2026-06-09","","REPL Tests Linux - master","REPL Tests Linux - master",""
"","7187","TC_IDM_2_3.py","","2026-06-09","passed","2026-06-09","","REPL Tests Linux - master","REPL Tests Linux - master",""
"","7333","TC_WEBRTCP_2_20.py","","2026-06-09","passed","2026-06-09","","REPL Tests Linux - master","REPL Tests Linux - master",""
"","20141","TC_CGEN_2_2.py","","2026-06-09","passed","2026-06-09","","REPL Tests Linux - master","REPL Tests Linux - master",""
"","9963","TC_CLCTRL_4_2.py","","2026-06-09","passed","2026-06-09","","REPL Tests Linux - master","REPL Tests Linux - master",""
"","8910","TC_TSTAT_4_3.py","","2026-06-09","passed","2026-06-09","","REPL Tests Linux - master","REPL Tests Linux - master",""
"","7522","TC_FAN_3_3.py","","2026-06-09","passed","2026-06-09","","REPL Tests Linux - master","REPL Tests Linux - master",""
"","22783","TC_TIMESYNC_2_7.py","","2026-06-09","passed","2026-06-09","","REPL Tests Linux - master","REPL Tests Linux - master",""
"","9095","TC_WEBRTC_1_8.py","","2026-06-09","passed","2026-06-09","","REPL Tests Linux - master","REPL Tests Linux - master",""
"","15244","TC_ACE_1_2.py","","2026-06-09","passed","2026-06-09","","REPL Tests Linux - master","REPL Tests Linux - master",""
"","6232","TC_JFADMIN_2_1.py","","2026-06-09","passed","2026-06-09","","REPL Tests Linux - master","REPL Tests Linux - master",""
"","6959","TC_SEAR_1_2.py","","2026-06-09","passed","2026-06-09","","REPL Tests Linux - master","REPL Tests Linux - master",""
"","6952","TC_EGC_2_3.py","","2026-06-09","passed","2026-06-09","","REPL Tests Linux - master","REPL Tests Linux - master",""
"","6067","TC_ICDM_3_2.py","","2026-06-09","passed","2026-06-09","","REPL Tests Linux - master","REPL Tests Linux - master",""
"","6769","TC_FAN_2_3.py","","2026-06-09","passed","2026-06-09","","REPL Tests Linux - master","REPL Tests Linux - master",""
"","5788","TC_PWRTL_2_1.py","","2026-06-09","passed","2026-06-09","","REPL Tests Linux - master","REPL Tests Linux - master",""
"","160864","TC_SC_4_1.py","","2026-06-09","passed","2026-06-09","","REPL Tests Linux - master","REPL Tests Linux - master",""
"","5874","TC_ICDManagementCluster.py","","2026-06-09","passed","2026-06-09","","REPL Tests Linux - master","REPL Tests Linux - master",""
"","7612","TC_VALCC_3_2.py","","2026-06-09","passed","2026-06-09","","REPL Tests Linux - master","REPL Tests Linux - master",""
"","6432","TC_AVSM_2_2.py","","2026-06-09","passed","2026-06-09","","REPL Tests Linux - master","REPL Tests Linux - master",""
"","8115","TC_WEBRTCP_2_19.py","","2026-06-09","passed","2026-06-09","","REPL Tests Linux - master","REPL Tests Linux - master",""
"","12260","TC_CHIME_2_3.py","","2026-06-09","passed","2026-06-09","","REPL Tests Linux - master","REPL Tests Linux - master",""
"","21794","TC_MCORE_FS_1_1.py","","2026-06-09","passed","2026-06-09","","REPL Tests Linux - master","REPL Tests Linux - master",""
"","3181","TC_JFADMIN_1_2.py","","2026-06-09","passed","2026-06-09","","REPL Tests Linux - master","REPL Tests Linux - master",""
"","7208","TC_BINFO_3_2.py","","2026-06-09","passed","2026-06-09","","REPL Tests Linux - master","REPL Tests Linux - master",""
"","7494","TC_AVSM_2_16.py","","2026-06-09","passed","2026-06-09","","REPL Tests Linux - master","REPL Tests Linux - master",""
"","9403","TC_ACL_2_4.py","","2026-06-09","passed","2026-06-09","","REPL Tests Linux - master","REPL Tests Linux - master",""
"","6645","TC_AVSM_VideoStreamsPersistence.py","","2026-06-09","passed","2026-06-09","","REPL Tests Linux - master","REPL Tests Linux - master",""
"","6420","TC_AVSM_2_11.py","","2026-06-09","passed","2026-06-09","","REPL Tests Linux - master","REPL Tests Linux - master",""
"","6556","TC_DISHM_1_2.py","","2026-06-09","passed","2026-06-09","","REPL Tests Linux - master","REPL Tests Linux - master",""
"","6980","TC_WEBRTCP_2_28.py","","2026-06-09","passed","2026-06-09","","REPL Tests Linux - master","REPL Tests Linux - master",""
"","10054","TC_IDM_9_1.py","","2026-06-09","passed","2026-06-09","","REPL Tests Linux - master","REPL Tests Linux - master",""
"","2541","TC_JFADMIN_1_1.py","","2026-06-09","passed","2026-06-09","","REPL Tests Linux - master","REPL Tests Linux - master",""
"","36782","TC_CLDIM_4_1.py","","2026-06-09","passed","2026-06-09","","REPL Tests Linux - master","REPL Tests Linux - master",""
"","6394","TC_MTRID_3_1.py","","2026-06-09","passed","2026-06-09","","REPL Tests Linux - master","REPL Tests Linux - master",""
"","8008","TC_OPCREDS_3_5.py","","2026-06-09","passed","2026-06-09","","REPL Tests Linux - master","REPL Tests Linux - master",""
"","7152","TC_SMOKECO_2_2.py","","2026-06-09","passed","2026-06-09","","REPL Tests Linux - master","REPL Tests Linux - master",""
"","11531","TC_ACL_2_8.py","","2026-06-09","passed","2026-06-09","","REPL Tests Linux - master","REPL Tests Linux - master",""
"","6354","TC_SETRF_2_3.py","","2026-06-09","passed","2026-06-09","","REPL Tests Linux - master","REPL Tests Linux - master",""
"","8159","TC_DRLK_2_9.py","","2026-06-09","passed","2026-06-09","","REPL Tests Linux - master","REPL Tests Linux - master",""
"","6277","TC_AVSM_2_7.py","","2026-06-09","passed","2026-06-09","","REPL Tests Linux - master","REPL Tests Linux - master",""
"","12033","TC_GC_2_2.py","","2026-06-09","passed","2026-06-09","","REPL Tests Linux - master","REPL Tests Linux - master",""
"","6389","TC_SETRF_2_1.py","","2026-06-09","passed","2026-06-09","","REPL Tests Linux - master","REPL Tests Linux - master",""
"","18475","TC_ICDM_5_1.py","","2026-06-09","passed","2026-06-09","","REPL Tests Linux - master","REPL Tests Linux - master",""
"","6796","TC_AVSUM_2_1.py","","2026-06-09","passed","2026-06-09","","REPL Tests Linux - master","REPL Tests Linux - master",""
"","7684","TC_BOOLCFG_4_2.py","","2026-06-09","passed","2026-06-09","","REPL Tests Linux - master","REPL Tests Linux - master",""
"","8905","TC_TIMESYNC_2_5.py","","2026-06-09","passed","2026-06-09","","REPL Tests Linux - master","REPL Tests Linux - master",""
"","53241","TC_ACE_1_6.py","","2026-06-09","passed","2026-06-09","","REPL Tests Linux - master","REPL Tests Linux - master",""
"","7064","TC_WEBRTCP_2_27.py","","2026-06-09","passed","2026-06-09","","REPL Tests Linux - master","REPL Tests Linux - master",""
"","5981","TC_EWATERHTR_2_1.py","","2026-06-09","passed","2026-06-09","","REPL Tests Linux - master","REPL Tests Linux - master",""
"","38078","TC_DRLK_2_3.py","","2026-06-09","passed","2026-06-09","","REPL Tests Linux - master","REPL Tests Linux - master",""
"","27591","TC_ICDB_1_2.py","","2026-06-09","passed","2026-06-09","","REPL Tests Linux - master","REPL Tests Linux - master",""
"","8023","TC_WEBRTCP_2_3.py","","2026-06-09","passed","2026-06-09","","REPL Tests Linux - master","REPL Tests Linux - master",""
"","7089","TC_COMMTR_2_1.py","","2026-06-09","passed","2026-06-09","","REPL Tests Linux - master","REPL Tests Linux - master",""
"","7415","TC_TIMESYNC_2_6.py","","2026-06-09","passed","2026-06-09","","REPL Tests Linux - master","REPL Tests Linux - master",""
"","6199","TC_RVCRUNM_2_1.py","","2026-06-09","passed","2026-06-09","","REPL Tests Linux - master","REPL Tests Linux - master",""
"","6515","TC_WEBRTCP_2_6.py","","2026-06-09","passed","2026-06-09","","REPL Tests Linux - master","REPL Tests Linux - master",""
"","7441","TC_EEVSEM_1_2.py","","2026-06-09","passed","2026-06-09","","REPL Tests Linux - master","REPL Tests Linux - master",""
"","6229","TC_EEVSE_2_9.py","","2026-06-09","passed","2026-06-09","","REPL Tests Linux - master","REPL Tests Linux - master",""
"","18939","TC_CCTRL_2_1.py","","2026-06-09","passed","2026-06-09","","REPL Tests Linux - master","REPL Tests Linux - master",""
"","14893","TC_CHIME_2_2.py","","2026-06-09","passed","2026-06-09","","REPL Tests Linux - master","REPL Tests Linux - master",""
"","6457","TC_SC_7_1.py","","2026-06-09","passed","2026-06-09","","REPL Tests Linux - master","REPL Tests Linux - master",""
"","5891","TC_EGC_2_2.py","","2026-06-09","passed","2026-06-09","","REPL Tests Linux - master","REPL Tests Linux - master",""
"","21744","TC_CCTRL_2_3.py","","2026-06-09","passed","2026-06-09","","REPL Tests Linux - master","REPL Tests Linux - master",""
"","7174","TC_DEM_2_5.py","","2026-06-09","passed","2026-06-09","","REPL Tests Linux - master","REPL Tests Linux - master",""
"","6524","TC_WEBRTCP_2_30.py","","2026-06-09","passed","2026-06-09","","REPL Tests Linux - master","REPL Tests Linux - master",""
"","7108","TC_EEVSE_2_3.py","","2026-06-09","passed","2026-06-09","","REPL Tests Linux - master","REPL Tests Linux - master",""
"","7835","TC_AVSUM_2_7.py","","2026-06-09","passed","2026-06-09","","REPL Tests Linux - master","REPL Tests Linux - master",""
"","77504","TC_JFADMIN_1_4.py","","2026-06-09","passed","2026-06-09","","REPL Tests Linux - master","REPL Tests Linux - master",""
"","7552","TC_RVCOPSTATE_2_5.py","","2026-06-09","passed","2026-06-09","","REPL Tests Linux - master","REPL Tests Linux - master",""
"","8284","TC_PAVST_2_8.py","","2026-06-09","passed","2026-06-09","","REPL Tests Linux - master","REPL Tests Linux - master",""
"","8577","TC_LTIME_3_1.py","","2026-06-09","passed","2026-06-09","","REPL Tests Linux - master","REPL Tests Linux - master",""
"","8421","TC_TCTL_2_3.py","","2026-06-09","passed","2026-06-09","","REPL Tests Linux - master","REPL Tests Linux - master",""
"","22480","TC_CADMIN_1_19.py","","2026-06-09","passed","2026-06-09","","REPL Tests Linux - master","REPL Tests Linux - master",""
"","11731","TC_EPM_2_2.py","","2026-06-09","passed","2026-06-09","","REPL Tests Linux - master","REPL Tests Linux - master",""
"","8351","TC_BOOLCFG_4_4.py","","2026-06-09","passed","2026-06-09","","REPL Tests Linux - master","REPL Tests Linux - master",""
"","6591","TC_WEBRTCP_2_5.py","","2026-06-09","passed","2026-06-09","","REPL Tests Linux - master","REPL Tests Linux - master",""
"","8923","TC_TLSCERT_2_7.py","","2026-06-09","passed","2026-06-09","","REPL Tests Linux - master","REPL Tests Linux - master",""
"","8489","TC_BOOLCFG_3_1.py","","2026-06-09","passed","2026-06-09","","REPL Tests Linux - master","REPL Tests Linux - master",""
"","7152","TC_WEBRTCP_2_7.py","","2026-06-09","passed","2026-06-09","","REPL Tests Linux - master","REPL Tests Linux - master",""
"","18258","TC_WEBRTCR_2_7.py","","2026-06-09","passed","2026-06-09","","REPL Tests Linux - master","REPL Tests Linux - master",""
"","8863","TC_SMOKECO_2_6.py","","2026-06-09","passed","2026-06-09","","REPL Tests Linux - master","REPL Tests Linux - master",""
"","11815","TC_EEM_2_4.py","","2026-06-09","passed","2026-06-09","","REPL Tests Linux - master","REPL Tests Linux - master",""
"","16606","TC_GC_2_8.py","","2026-06-09","passed","2026-06-09","","REPL Tests Linux - master","REPL Tests Linux - master",""
"","7954","TC_WEBRTCP_2_25.py","","2026-06-09","passed","2026-06-09","","REPL Tests Linux - master","REPL Tests Linux - master",""
"","6945","TC_WEBRTCP_2_8.py","","2026-06-09","passed","2026-06-09","","REPL Tests Linux - master","REPL Tests Linux - master",""
"","7966","TC_TLSCERT_2_4.py","","2026-06-09","passed","2026-06-09","","REPL Tests Linux - master","REPL Tests Linux - master",""
"","9272","TC_ACL_2_5.py","","2026-06-09","passed","2026-06-09","","REPL Tests Linux - master","REPL Tests Linux - master",""
"","6744","TC_WEBRTCP_2_16.py","","2026-06-09","passed","2026-06-09","","REPL Tests Linux - master","REPL Tests Linux - master",""
"","39968","TC_DEM_2_10.py","","2026-06-09","passed","2026-06-09","","REPL Tests Linux - master","REPL Tests Linux - master",""
"","10427","TC_DGGEN_2_5.py","","2026-06-09","passed","2026-06-09","","REPL Tests Linux - master","REPL Tests Linux - master",""
"","8522","TC_TIMESYNC_2_1.py","","2026-06-09","passed","2026-06-09","","REPL Tests Linux - master","REPL Tests Linux - master",""
"","6893","TC_AVSUM_2_6.py","","2026-06-09","passed","2026-06-09","","REPL Tests Linux - master","REPL Tests Linux - master",""
"","7302","TC_WEBRTCP_2_31.py","","2026-06-09","passed","2026-06-09","","REPL Tests Linux - master","REPL Tests Linux - master",""
"","60868","TC_ECOINFO_2_2.py","","2026-06-09","passed","2026-06-09","","REPL Tests Linux - master","REPL Tests Linux - master",""
"","9325","TC_WEBRTC_1_7.py","","2026-06-09","passed","2026-06-09","","REPL Tests Linux - master","REPL Tests Linux - master",""
"","2363","TC_JFDS_2_2.py","","2026-06-09","passed","2026-06-09","","REPL Tests Linux - master","REPL Tests Linux - master",""
"","8539","TC_AVSM_2_19.py","","2026-06-09","passed","2026-06-09","","REPL Tests Linux - master","REPL Tests Linux - master",""
"","8099","TC_ACL_2_9.py","","2026-06-09","passed","2026-06-09","","REPL Tests Linux - master","REPL Tests Linux - master",""
"","1761","TestFrameworkArgParsing.py","","2026-06-09","passed","2026-06-09","","REPL Tests Linux - master","REPL Tests Linux - master",""
"","7131","TC_MWOCTRL_2_1.py","","2026-06-09","passed","2026-06-09","","REPL Tests Linux - master","REPL Tests Linux - master",""
"","7768","TC_BOOLCFG_2_1.py","","2026-06-09","passed","2026-06-09","","REPL Tests Linux - master","REPL Tests Linux - master",""
"","7074","TC_MWOM_1_2.py","","2026-06-09","passed","2026-06-09","","REPL Tests Linux - master","REPL Tests Linux - master",""
"","9795","TC_TLSCERT_2_13.py","","2026-06-09","passed","2026-06-09","","REPL Tests Linux - master","REPL Tests Linux - master",""
"","19275","TC_WEBRTCR_2_6.py","","2026-06-09","passed","2026-06-09","","REPL Tests Linux - master","REPL Tests Linux - master",""
"","8844","TC_TLSCERT_2_9.py","","2026-06-09","passed","2026-06-09","","REPL Tests Linux - master","REPL Tests Linux - master",""
"","13586","TC_DA_1_2.py","","2026-06-09","passed","2026-06-09","","REPL Tests Linux - master","REPL Tests Linux - master",""
"","17727","TC_OPCREDS_3_4.py","","2026-06-09","passed","2026-06-09","","REPL Tests Linux - master","REPL Tests Linux - master",""
"","6794","TC_LWM_1_2.py","","2026-06-09","passed","2026-06-09","","REPL Tests Linux - master","REPL Tests Linux - master",""
"","18991","TC_CLDIM_3_1.py","","2026-06-09","passed","2026-06-09","","REPL Tests Linux - master","REPL Tests Linux - master",""
"","6695","TC_AVSM_2_8.py","","2026-06-09","passed","2026-06-09","","REPL Tests Linux - master","REPL Tests Linux - master",""
"","37259","TC_PS_2_3.py","","2026-06-09","passed","2026-06-09","","REPL Tests Linux - master","REPL Tests Linux - master",""
"","6692","TC_WEBRTCP_2_17.py","","2026-06-09","passed","2026-06-09","","REPL Tests Linux - master","REPL Tests Linux - master",""
"","6886","TC_GC_2_3.py","","2026-06-09","passed","2026-06-09","","REPL Tests Linux - master","REPL Tests Linux - master",""
"","8546","TC_CLCTRL_5_1.py","","2026-06-09","passed","2026-06-09","","REPL Tests Linux - master","REPL Tests Linux - master",""
"","6749","TC_WEBRTCP_2_2.py","","2026-06-09","passed","2026-06-09","","REPL Tests Linux - master","REPL Tests Linux - master",""
"","110886","TC_DeviceBasicComposition.py","","2026-06-09","passed","2026-06-09","","REPL Tests Linux - master","REPL Tests Linux - master",""
"","7918","TC_ACL_2_7.py","","2026-06-09","passed","2026-06-09","","REPL Tests Linux - master","REPL Tests Linux - master",""
"","8909","TC_BINFO_2_2.py","","2026-06-09","passed","2026-06-09","","REPL Tests Linux - master","REPL Tests Linux - master",""
"","7912","TC_BOOL_2_2.py","","2026-06-09","passed","2026-06-09","","REPL Tests Linux - master","REPL Tests Linux - master",""
"","7081","TC_TCCM_1_2.py","","2026-06-09","passed","2026-06-09","","REPL Tests Linux - master","REPL Tests Linux - master",""
"","8473","TC_AVSM_2_21.py","","2026-06-09","passed","2026-06-09","","REPL Tests Linux - master","REPL Tests Linux - master",""
"","15920","TC_DD_1_16_17.py","","2026-06-09","passed","2026-06-09","","REPL Tests Linux - master","REPL Tests Linux - master",""
"","9347","TC_PAVST_2_7.py","","2026-06-09","passed","2026-06-09","","REPL Tests Linux - master","REPL Tests Linux - master",""
"","68958","TC_SWTCH.py","","2026-06-09","passed","2026-06-09","","REPL Tests Linux - master","REPL Tests Linux - master",""
"","27954","TC_ICDB_1_1.py","","2026-06-09","passed","2026-06-09","","REPL Tests Linux - master","REPL Tests Linux - master",""
"","6825","TC_SEPR_2_1.py","","2026-06-09","passed","2026-06-09","","REPL Tests Linux - master","REPL Tests Linux - master",""
"","210146","TC_CADMIN_1_3_4.py","","2026-06-09","passed","2026-06-09","","REPL Tests Linux - master","REPL Tests Linux - master",""
"","12116","TC_EEM_2_2.py","","2026-06-09","passed","2026-06-09","","REPL Tests Linux - master","REPL Tests Linux - master",""
"","7016","TC_DEM_2_1.py","","2026-06-09","passed","2026-06-09","","REPL Tests Linux - master","REPL Tests Linux - master",""
"","8202","TC_BINFO_3_1.py","","2026-06-09","passed","2026-06-09","","REPL Tests Linux - master","REPL Tests Linux - master",""
"","10564","TC_TLSCERT_2_2.py","","2026-06-09","passed","2026-06-09","","REPL Tests Linux - master","REPL Tests Linux - master",""
"","8234","TC_OPCREDS_3_2.py","","2026-06-09","passed","2026-06-09","","REPL Tests Linux - master","REPL Tests Linux - master",""
"","8734","TC_TLSCLIENT_2_1.py","","2026-06-09","passed","2026-06-09","","REPL Tests Linux - master","REPL Tests Linux - master",""
"","7616","TC_WEBRTC_1_2.py","","2026-06-09","passed","2026-06-09","","REPL Tests Linux - master","REPL Tests Linux - master",""
"","11672","TC_VALCC_4_1.py","","2026-06-09","passed","2026-06-09","","REPL Tests Linux - master","REPL Tests Linux - master",""
"","11687","TC_SC_3_6.py","","2026-06-09","passed","2026-06-09","","REPL Tests Linux - master","REPL Tests Linux - master",""
"","18270","TC_EEM_2_5.py","","2026-06-09","passed","2026-06-09","","REPL Tests Linux - master","REPL Tests Linux - master",""
"","10643","TC_CLDIM_3_2.py","","2026-06-09","passed","2026-06-09","","REPL Tests Linux - master","REPL Tests Linux - master",""
"","6672","TC_WEBRTCP_2_24.py","","2026-06-09","passed","2026-06-09","","REPL Tests Linux - master","REPL Tests Linux - master",""
"","9529","TC_SOIL_2_1.py","","2026-06-09","passed","2026-06-09","","REPL Tests Linux - master","REPL Tests Linux - master",""
"","39815","TC_CLCTRL_4_1.py","","2026-06-09","passed","2026-06-09","","REPL Tests Linux - master","REPL Tests Linux - master",""
"","10233","TC_MOD_2_3.py","","2026-06-09","passed","2026-06-09","","REPL Tests Linux - master","REPL Tests Linux - master",""
"","5943","TC_CGEN_2_6.py","","2026-06-09","passed","2026-06-09","","REPL Tests Linux - master","REPL Tests Linux - master",""
"","8169","TC_TLSCLIENT_3_10.py","","2026-06-09","passed","2026-06-09","","REPL Tests Linux - master","REPL Tests Linux - master",""
"","8063","TC_ACL_2_3.py","","2026-06-09","passed","2026-06-09","","REPL Tests Linux - master","REPL Tests Linux - master",""
"","18992","TC_CLCTRL_3_1.py","","2026-06-09","passed","2026-06-09","","REPL Tests Linux - master","REPL Tests Linux - master",""
"","6099","TC_AVSM_2_4.py","","2026-06-09","passed","2026-06-09","","REPL Tests Linux - master","REPL Tests Linux - master",""
"","6435","TC_WEBRTCP_2_1.py","","2026-06-09","passed","2026-06-09","","REPL Tests Linux - master","REPL Tests Linux - master",""
"","15475","TC_DeviceConformance.py","","2026-06-09","passed","2026-06-09","","REPL Tests Linux - master","REPL Tests Linux - master",""
"","16775","TC_CGEN_2_4.py","","2026-06-09","passed","2026-06-09","","REPL Tests Linux - master","REPL Tests Linux - master",""
"","10117","TC_DA_1_1.py","","2026-06-09","passed","2026-06-09","","REPL Tests Linux - master","REPL Tests Linux - master",""
"","21471","TC_DEM_2_2.py","","2026-06-09","passed","2026-06-09","","REPL Tests Linux - master","REPL Tests Linux - master",""
"","6856","TC_FAN_3_2.py","","2026-06-09","passed","2026-06-09","","REPL Tests Linux - master","REPL Tests Linux - master",""
"","7708","TC_SMOKECO_2_3.py","","2026-06-09","passed","2026-06-09","","REPL Tests Linux - master","REPL Tests Linux - master",""
"","6708","TC_GC_2_6.py","","2026-06-09","passed","2026-06-09","","REPL Tests Linux - master","REPL Tests Linux - master",""
"","6183","TC_CLCTRL_2_1.py","","2026-06-09","passed","2026-06-09","","REPL Tests Linux - master","REPL Tests Linux - master",""
"","8914","TC_PAVST_2_4.py","","2026-06-09","passed","2026-06-09","","REPL Tests Linux - master","REPL Tests Linux - master",""
"","8010","TC_DEM_2_7.py","","2026-06-09","passed","2026-06-09","","REPL Tests Linux - master","REPL Tests Linux - master",""
"","6586","TC_ACL_2_11.py","","2026-06-09","passed","2026-06-09","","REPL Tests Linux - master","REPL Tests Linux - master",""
"","10405","TCP_Tests.py","","2026-06-09","passed","2026-06-09","","REPL Tests Linux - master","REPL Tests Linux - master",""
"","6994","TC_BRBINFO_2_1.py","","2026-06-09","passed","2026-06-09","","REPL Tests Linux - master","REPL Tests Linux - master",""
"","28983","TC_EEVSE_2_6.py","","2026-06-09","passed","2026-06-09","","REPL Tests Linux - master","REPL Tests Linux - master",""
"","6697","TC_EPM_2_1.py","","2026-06-09","passed","2026-06-09","","REPL Tests Linux - master","REPL Tests Linux - master",""
"","7747","TC_SEAR_1_5.py","","2026-06-09","passed","2026-06-09","","REPL Tests Linux - master","REPL Tests Linux - master",""
"","6782","TC_RVCOPSTATE_2_3.py","","2026-06-09","passed","2026-06-09","","REPL Tests Linux - master","REPL Tests Linux - master",""
"","19892","TC_CADMIN_1_9.py","","2026-06-09","passed","2026-06-09","","REPL Tests Linux - master","REPL Tests Linux - master",""
"","10722","TC_AVSUM_2_4.py","","2026-06-09","passed","2026-06-09","","REPL Tests Linux - master","REPL Tests Linux - master",""
"","3693","TC_DA_1_9.py","","2026-06-09","passed","2026-06-09","","REPL Tests Linux - master","REPL Tests Linux - master",""
"","8674","TC_VALCC_3_3.py","","2026-06-09","passed","2026-06-09","","REPL Tests Linux - master","REPL Tests Linux - master",""
"","6317","TC_WEBRTCP_2_32.py","","2026-06-09","passed","2026-06-09","","REPL Tests Linux - master","REPL Tests Linux - master",""
"","6597","TC_ZONEMGMT_2_3.py","","2026-06-09","passed","2026-06-09","","REPL Tests Linux - master","REPL Tests Linux - master",""
"","7567","TC_AVSM_2_17.py","","2026-06-09","passed","2026-06-09","","REPL Tests Linux - master","REPL Tests Linux - master",""
"","9761","TC_PAVST_2_6.py","","2026-06-09","passed","2026-06-09","","REPL Tests Linux - master","REPL Tests Linux - master",""
"","8277","TC_PAVST_2_2.py","","2026-06-09","passed","2026-06-09","","REPL Tests Linux - master","REPL Tests Linux - master",""
"","44101","TC_ZONEMGMT_2_4.py","","2026-06-09","passed","2026-06-09","","REPL Tests Linux - master","REPL Tests Linux - master",""
"","6576","TC_RVCCLEANM_2_1.py","","2026-06-09","passed","2026-06-09","","REPL Tests Linux - master","REPL Tests Linux - master",""
"","8628","TC_DGSW_2_2.py","","2026-06-09","passed","2026-06-09","","REPL Tests Linux - master","REPL Tests Linux - master",""
"","6516","TC_CGEN_2_11.py","","2026-06-09","passed","2026-06-09","","REPL Tests Linux - master","REPL Tests Linux - master",""
"","7826","TC_BOOLCFG_4_1.py","","2026-06-09","passed","2026-06-09","","REPL Tests Linux - master","REPL Tests Linux - master",""
"","8662","TC_OPSTATE_2_4.py","","2026-06-09","passed","2026-06-09","","REPL Tests Linux - master","REPL Tests Linux - master",""
"","6389","TC_WHM_2_1.py","","2026-06-09","passed","2026-06-09","","REPL Tests Linux - master","REPL Tests Linux - master",""
"","7547","TC_SETRF_2_2.py","","2026-06-09","passed","2026-06-09","","REPL Tests Linux - master","REPL Tests Linux - master",""
"","10566","TC_TLSCERT_2_12.py","","2026-06-09","passed","2026-06-09","","REPL Tests Linux - master","REPL Tests Linux - master",""
"","6632","TC_SEAR_1_3.py","","2026-06-09","passed","2026-06-09","","REPL Tests Linux - master","REPL Tests Linux - master",""
"","9703","TC_TLSCERT_2_10.py","","2026-06-09","passed","2026-06-09","","REPL Tests Linux - master","REPL Tests Linux - master",""
"","7013","TC_DEM_2_3.py","","2026-06-09","passed","2026-06-09","","REPL Tests Linux - master","REPL Tests Linux - master",""
"","6976","TC_CC_2_1.py","","2026-06-09","passed","2026-06-09","","REPL Tests Linux - master","REPL Tests Linux - master",""
"","6810","TC_EPREF_2_1.py","","2026-06-09","passed","2026-06-09","","REPL Tests Linux - master","REPL Tests Linux - master",""
"","9849","TC_DGSW_2_1.py","","2026-06-09","passed","2026-06-09","","REPL Tests Linux - master","REPL Tests Linux - master",""
"","9250","TC_PAVSTI_1_1.py","","2026-06-09","passed","2026-06-09","","REPL Tests Linux - master","REPL Tests Linux - master",""
"","35057","TC_MCORE_FS_1_3.py","","2026-06-09","failed","2026-06-09","","REPL Tests Linux - master","REPL Tests Linux - master",""
"","8092","TC_ACL_2_6.py","","2026-06-09","passed","2026-06-09","","REPL Tests Linux - master","REPL Tests Linux - master",""
"","8088","TC_WEBRTC_1_4.py","","2026-06-09","passed","2026-06-09","","REPL Tests Linux - master","REPL Tests Linux - master",""
"","6895","TC_WEBRTCP_2_12.py","","2026-06-09","passed","2026-06-09","","REPL Tests Linux - master","REPL Tests Linux - master",""
"","7553","TC_TIMESYNC_3_1.py","","2026-06-09","passed","2026-06-09","","REPL Tests Linux - master","REPL Tests Linux - master",""
"","12547","TC_CLCTRL_4_4.py","","2026-06-09","passed","2026-06-09","","REPL Tests Linux - master","REPL Tests Linux - master",""
"","10002","TC_TLSCLIENT_3_20.py","","2026-06-09","passed","2026-06-09","","REPL Tests Linux - master","REPL Tests Linux - master",""
"","6933","TC_AVSM_StreamReuseRangeParams.py","","2026-06-09","passed","2026-06-09","","REPL Tests Linux - master","REPL Tests Linux - master",""
"","10034","TC_EEVSE_2_4.py","","2026-06-09","passed","2026-06-09","","REPL Tests Linux - master","REPL Tests Linux - master",""
"","6942","TC_RVCRUNM_2_2.py","","2026-06-09","passed","2026-06-09","","REPL Tests Linux - master","REPL Tests Linux - master",""
"","8409","TC_BOOLCFG_4_3.py","","2026-06-09","passed","2026-06-09","","REPL Tests Linux - master","REPL Tests Linux - master",""
"","7510","TC_WEBRTCP_2_21.py","","2026-06-09","passed","2026-06-09","","REPL Tests Linux - master","REPL Tests Linux - master",""
"","7731","TC_FAN_3_5.py","","2026-06-09","passed","2026-06-09","","REPL Tests Linux - master","REPL Tests Linux - master",""
"","7097","TC_BRBINFO_3_2.py","","2026-06-09","passed","2026-06-09","","REPL Tests Linux - master","REPL Tests Linux - master",""
"","2636","TC_JFDS_2_3.py","","2026-06-09","passed","2026-06-09","","REPL Tests Linux - master","REPL Tests Linux - master",""
"","16350","TC_GC_2_4.py","","2026-06-09","passed","2026-06-09","","REPL Tests Linux - master","REPL Tests Linux - master",""
"","14393","TC_IDM_5_2.py","","2026-06-09","passed","2026-06-09","","REPL Tests Linux - master","REPL Tests Linux - master",""
"","6167","TC_PAVST_2_1.py","","2026-06-09","passed","2026-06-09","","REPL Tests Linux - master","REPL Tests Linux - master",""
"","73628","TC_ICDB_2_3.py","","2026-06-09","passed","2026-06-09","","REPL Tests Linux - master","REPL Tests Linux - master",""
"","9320","TC_AVSUM_2_9.py","","2026-06-09","passed","2026-06-09","","REPL Tests Linux - master","REPL Tests Linux - master",""
"","7444","TC_EEVSE_2_7.py","","2026-06-09","passed","2026-06-09","","REPL Tests Linux - master","REPL Tests Linux - master",""
"","20412","TC_IDM_2_2.py","","2026-06-09","passed","2026-06-09","","REPL Tests Linux - master","REPL Tests Linux - master",""
"","9499","TC_BOOLCFG_6_1.py","","2026-06-09","passed","2026-06-09","","REPL Tests Linux - master","REPL Tests Linux - master",""
"","7945","TC_MOD_1_2.py","","2026-06-09","passed","2026-06-09","","REPL Tests Linux - master","REPL Tests Linux - master",""
"","6167","TC_CGEN_2_9.py","","2026-06-09","passed","2026-06-09","","REPL Tests Linux - master","REPL Tests Linux - master",""
"","6477","TC_SEAR_1_6.py","","2026-06-09","passed","2026-06-09","","REPL Tests Linux - master","REPL Tests Linux - master",""
"","7323","TC_DRLK_2_13.py","","2026-06-09","passed","2026-06-09","","REPL Tests Linux - master","REPL Tests Linux - master",""
"","9002","TC_CADMIN_1_25.py","","2026-06-09","passed","2026-06-09","","REPL Tests Linux - master","REPL Tests Linux - master",""
"","7572","TC_VALCC_4_4.py","","2026-06-09","passed","2026-06-09","","REPL Tests Linux - master","REPL Tests Linux - master",""
"","17796","TC_EEM_2_3.py","","2026-06-09","passed","2026-06-09","","REPL Tests Linux - master","REPL Tests Linux - master",""
"","6576","TC_SETRF_3_1.py","","2026-06-09","passed","2026-06-09","","REPL Tests Linux - master","REPL Tests Linux - master",""
"","7253","TC_WEBRTCP_2_10.py","","2026-06-09","passed","2026-06-09","","REPL Tests Linux - master","REPL Tests Linux - master",""
"","88532","TC_OPSTATE_2_5.py","","2026-06-09","passed","2026-06-09","","REPL Tests Linux - master","REPL Tests Linux - master",""
"","5846","TC_DEMM_1_2.py","","2026-06-09","passed","2026-06-09","","REPL Tests Linux - master","REPL Tests Linux - master",""
"","8555","TC_SOIL_2_2.py","","2026-06-09","passed","2026-06-09","","REPL Tests Linux - master","REPL Tests Linux - master",""
"","7565","TC_AVSM_2_18.py","","2026-06-09","passed","2026-06-09","","REPL Tests Linux - master","REPL Tests Linux - master",""
"","7599","TC_FLABEL_2_1.py","","2026-06-09","passed","2026-06-09","","REPL Tests Linux - master","REPL Tests Linux - master",""
"","18346","TC_WEBRTCR_2_3.py","","2026-06-09","passed","2026-06-09","","REPL Tests Linux - master","REPL Tests Linux - master",""
"","12761","TC_OPSTATE_2_2.py","","2026-06-09","passed","2026-06-09","","REPL Tests Linux - master","REPL Tests Linux - master",""
"","8535","TC_VALCC_3_1.py","","2026-06-09","passed","2026-06-09","","REPL Tests Linux - master","REPL Tests Linux - master",""
"","13896","TC_VALCC_4_5.py","","2026-06-09","passed","2026-06-09","","REPL Tests Linux - master","REPL Tests Linux - master",""
"","7937","TC_CNET_4_3.py","","2026-06-09","passed","2026-06-09","","REPL Tests Linux - master","REPL Tests Linux - master",""
"","127855","TC_ICDB_2_1_2_2.py","","2026-06-09","passed","2026-06-09","","REPL Tests Linux - master","REPL Tests Linux - master",""
"","22399","TC_EWATERHTR_2_2.py","","2026-06-09","passed","2026-06-09","","REPL Tests Linux - master","REPL Tests Linux - master",""
"","6682","TC_AVSM_2_1.py","","2026-06-09","passed","2026-06-09","","REPL Tests Linux - master","REPL Tests Linux - master",""
"","8310","TC_CNET_1_4.py","","2026-06-09","passed","2026-06-09","","REPL Tests Linux - master","REPL Tests Linux - master",""
"","7099","TC_WEBRTCP_2_11.py","","2026-06-09","passed","2026-06-09","","REPL Tests Linux - master","REPL Tests Linux - master",""
"","6023","TC_COMMTR_3_1.py","","2026-06-09","passed","2026-06-09","","REPL Tests Linux - master","REPL Tests Linux - master",""
"","19263","TC_CLDIM_3_3.py","","2026-06-09","passed","2026-06-09","","REPL Tests Linux - master","REPL Tests Linux - master",""
"","7583","TC_WEBRTCP_2_4.py","","2026-06-09","passed","2026-06-09","","REPL Tests Linux - master","REPL Tests Linux - master",""
"","5747","TC_EEVSE_2_8.py","","2026-06-09","passed","2026-06-09","","REPL Tests Linux - master","REPL Tests Linux - master",""
"","6900","TC_AVSM_2_3.py","","2026-06-09","passed","2026-06-09","","REPL Tests Linux - master","REPL Tests Linux - master",""
"","28899","TC_SC_4_3.py","","2026-06-09","passed","2026-06-09","","REPL Tests Linux - master","REPL Tests Linux - master",""
"","8081","TC_BOOLCFG_5_1.py","","2026-06-09","passed","2026-06-09","","REPL Tests Linux - master","REPL Tests Linux - master",""
"","7974","TC_TIMESYNC_2_4.py","","2026-06-09","passed","2026-06-09","","REPL Tests Linux - master","REPL Tests Linux - master",""
"","7353","TC_AVSM_2_12.py","","2026-06-09","passed","2026-06-09","","REPL Tests Linux - master","REPL Tests Linux - master",""
"","7663","TC_CLDIM_2_1.py","","2026-06-09","passed","2026-06-09","","REPL Tests Linux - master","REPL Tests Linux - master",""
"","10451","TC_DISHALM_2_1.py","","2026-06-09","passed","2026-06-09","","REPL Tests Linux - master","REPL Tests Linux - master",""
"","7167","TC_WEBRTCP_2_14.py","","2026-06-09","passed","2026-06-09","","REPL Tests Linux - master","REPL Tests Linux - master",""
"","7940","TestReadSubscribeAceExistenceErrors.py","","2026-06-09","passed","2026-06-09","","REPL Tests Linux - master","REPL Tests Linux - master",""
"","262821","TC_CADMIN_1_5.py","","2026-06-09","passed","2026-06-09","","REPL Tests Linux - master","REPL Tests Linux - master",""
"","7774","TC_TIMESYNC_2_2.py","","2026-06-09","passed","2026-06-09","","REPL Tests Linux - master","REPL Tests Linux - master",""
"","26725","TC_RR_1_1.py","","2026-06-09","passed","2026-06-09","","REPL Tests Linux - master","REPL Tests Linux - master",""
"","29303","TC_MCORE_FS_1_5.py","","2026-06-09","passed","2026-06-09","","REPL Tests Linux - master","REPL Tests Linux - master",""
"","13404","TC_VALCC_4_2.py","","2026-06-09","passed","2026-06-09","","REPL Tests Linux - master","REPL Tests Linux - master",""
"","8592","TC_BINFO_2_1.py","","2026-06-09","passed","2026-06-09","","REPL Tests Linux - master","REPL Tests Linux - master",""
"","8329","TC_TLSCERT_2_5.py","","2026-06-09","passed","2026-06-09","","REPL Tests Linux - master","REPL Tests Linux - master",""
"","9708","TC_JFADMIN_2_2.py","","2026-06-09","passed","2026-06-09","","REPL Tests Linux - master","REPL Tests Linux - master",""
"","7389","TC_ICDM_3_1.py","","2026-06-09","passed","2026-06-09","","REPL Tests Linux - master","REPL Tests Linux - master",""
"","6549","TC_EEM_2_1.py","","2026-06-09","passed","2026-06-09","","REPL Tests Linux - master","REPL Tests Linux - master",""
"","6281","TC_WEBRTCP_2_29.py","","2026-06-09","passed","2026-06-09","","REPL Tests Linux - master","REPL Tests Linux - master",""
"","7662","TC_RVCCLEANM_2_2.py","","2026-06-09","passed","2026-06-09","","REPL Tests Linux - master","REPL Tests Linux - master",""
"","9795","TC_REFALM_2_2.py","","2026-06-09","passed","2026-06-09","","REPL Tests Linux - master","REPL Tests Linux - master",""
"","8572","TC_OPSTATE_2_1.py","","2026-06-09","passed","2026-06-09","","REPL Tests Linux - master","REPL Tests Linux - master",""
"","6701","TC_GC_2_5.py","","2026-06-09","passed","2026-06-09","","REPL Tests Linux - master","REPL Tests Linux - master",""
"","28707","TC_TestAttrAvail.py","","2026-06-09","passed","2026-06-09","","REPL Tests Linux - master","REPL Tests Linux - master",""
"","6115","TC_AVSM_2_6.py","","2026-06-09","passed","2026-06-09","","REPL Tests Linux - master","REPL Tests Linux - master",""
"","6935","TC_ICDB_3_1.py","","2026-06-09","passed","2026-06-09","","REPL Tests Linux - master","REPL Tests Linux - master",""
"","3164","TC_JFDS_2_1.py","","2026-06-09","passed","2026-06-09","","REPL Tests Linux - master","REPL Tests Linux - master",""
"","18324","TC_I_2_4.py","","2026-06-09","passed","2026-06-09","","REPL Tests Linux - master","REPL Tests Linux - master",""
"","7069","TC_WEBRTCP_2_9.py","","2026-06-09","passed","2026-06-09","","REPL Tests Linux - master","REPL Tests Linux - master",""
"","6819","TC_WEBRTCP_2_18.py","","2026-06-09","passed","2026-06-09","","REPL Tests Linux - master","REPL Tests Linux - master",""
"","13022","TC_CHIME_2_6.py","","2026-06-09","passed","2026-06-09","","REPL Tests Linux - master","REPL Tests Linux - master",""
"","6368","TC_ICDB_3_2.py","","2026-06-09","passed","2026-06-09","","REPL Tests Linux - master","REPL Tests Linux - master",""
"","7760","TC_SMOKECO_2_7.py","","2026-06-09","passed","2026-06-09","","REPL Tests Linux - master","REPL Tests Linux - master",""
"","9875","TC_SC_3_5.py","","2026-06-09","passed","2026-06-09","","REPL Tests Linux - master","REPL Tests Linux - master",""
"","6469","TC_CC_10_1.py","","2026-06-09","passed","2026-06-09","","REPL Tests Linux - master","REPL Tests Linux - master",""
"","7091","TC_PAVSTI_1_2.py","","2026-06-09","passed","2026-06-09","","REPL Tests Linux - master","REPL Tests Linux - master",""
"","62559","TC_LVL_2_3.py","","2026-06-09","passed","2026-06-09","","REPL Tests Linux - master","REPL Tests Linux - master",""
"","18318","TC_WEBRTCR_2_5.py","","2026-06-09","passed","2026-06-09","","REPL Tests Linux - master","REPL Tests Linux - master",""
"","7649","TC_AVSM_2_5.py","","2026-06-09","passed","2026-06-09","","REPL Tests Linux - master","REPL Tests Linux - master",""
"","12603","TC_OCC_2_2.py","","2026-06-09","passed","2026-06-09","","REPL Tests Linux - master","REPL Tests Linux - master",""
"","97084","TC_TIMESYNC_2_8.py","","2026-06-09","passed","2026-06-09","","REPL Tests Linux - master","REPL Tests Linux - master",""
"","6219","TC_MWOCTRL_2_2.py","","2026-06-09","passed","2026-06-09","","REPL Tests Linux - master","REPL Tests Linux - master",""
"","29038","TC_CADMIN_1_10.py","","2026-06-09","passed","2026-06-09","","REPL Tests Linux - master","REPL Tests Linux - master",""
"","6616","TC_GC_2_7.py","","2026-06-09","passed","2026-06-09","","REPL Tests Linux - master","REPL Tests Linux - master",""
"","9245","TC_AVSM_2_20.py","","2026-06-09","passed","2026-06-09","","REPL Tests Linux - master","REPL Tests Linux - master",""
"","7762","TC_FAN_3_4.py","","2026-06-09","passed","2026-06-09","","REPL Tests Linux - master","REPL Tests Linux - master",""
"","8725","TC_LCFG_2_1.py","","2026-06-09","passed","2026-06-09","","REPL Tests Linux - master","REPL Tests Linux - master",""
