"DESCRIPTION","DURATION IN MS","NAME","PARENT SUITE","START TIME","STATUS","STOP TIME","SUB SUITE","SUITE","TEST CLASS","TEST METHOD"
"","5694","TC_DEM_2_9.py","","2026-07-10","passed","2026-07-10","","REPL Tests Linux - v1.6-branch","REPL Tests Linux - v1.6-branch",""
"","7929","TC_OVENOPSTATE_2_1.py","","2026-07-10","passed","2026-07-10","","REPL Tests Linux - v1.6-branch","REPL Tests Linux - v1.6-branch",""
"","6769","TC_AVSM_VideoStreamsPersistence.py","","2026-07-10","passed","2026-07-10","","REPL Tests Linux - v1.6-branch","REPL Tests Linux - v1.6-branch",""
"","6647","TC_WEBRTCP_2_19.py","","2026-07-10","passed","2026-07-10","","REPL Tests Linux - v1.6-branch","REPL Tests Linux - v1.6-branch",""
"","7769","TC_DGSW_2_2.py","","2026-07-10","passed","2026-07-10","","REPL Tests Linux - v1.6-branch","REPL Tests Linux - v1.6-branch",""
"","9379","TC_TLSCERT_2_13.py","","2026-07-10","passed","2026-07-10","","REPL Tests Linux - v1.6-branch","REPL Tests Linux - v1.6-branch",""
"","8889","TC_WEBRTC_1_7.py","","2026-07-10","passed","2026-07-10","","REPL Tests Linux - v1.6-branch","REPL Tests Linux - v1.6-branch",""
"","6339","TC_WEBRTCP_2_28.py","","2026-07-10","passed","2026-07-10","","REPL Tests Linux - v1.6-branch","REPL Tests Linux - v1.6-branch",""
"","6316","TC_SETRF_3_1.py","","2026-07-10","passed","2026-07-10","","REPL Tests Linux - v1.6-branch","REPL Tests Linux - v1.6-branch",""
"","13088","TC_FAN_3_3.py","","2026-07-10","passed","2026-07-10","","REPL Tests Linux - v1.6-branch","REPL Tests Linux - v1.6-branch",""
"","6335","TC_EGC_2_3.py","","2026-07-10","passed","2026-07-10","","REPL Tests Linux - v1.6-branch","REPL Tests Linux - v1.6-branch",""
"","6322","TC_SEPR_2_3.py","","2026-07-10","passed","2026-07-10","","REPL Tests Linux - v1.6-branch","REPL Tests Linux - v1.6-branch",""
"","123970","TC_IDM_4_3.py","","2026-07-10","passed","2026-07-10","","REPL Tests Linux - v1.6-branch","REPL Tests Linux - v1.6-branch",""
"","6197","TC_PWRTL_2_1.py","","2026-07-10","passed","2026-07-10","","REPL Tests Linux - v1.6-branch","REPL Tests Linux - v1.6-branch",""
"","6709","TC_MTRID_3_1.py","","2026-07-10","passed","2026-07-10","","REPL Tests Linux - v1.6-branch","REPL Tests Linux - v1.6-branch",""
"","16158","TC_WEBRTCR_2_5.py","","2026-07-10","passed","2026-07-10","","REPL Tests Linux - v1.6-branch","REPL Tests Linux - v1.6-branch",""
"","6657","TC_BRBINFO_3_2.py","","2026-07-10","passed","2026-07-10","","REPL Tests Linux - v1.6-branch","REPL Tests Linux - v1.6-branch",""
"","6821","TC_TCCM_1_2.py","","2026-07-10","passed","2026-07-10","","REPL Tests Linux - v1.6-branch","REPL Tests Linux - v1.6-branch",""
"","14370","TC_PAVST_2_9.py","","2026-07-10","passed","2026-07-10","","REPL Tests Linux - v1.6-branch","REPL Tests Linux - v1.6-branch",""
"","7216","TC_COLORCONTROL.py","","2026-07-10","passed","2026-07-10","","REPL Tests Linux - v1.6-branch","REPL Tests Linux - v1.6-branch",""
"","6663","TC_CLCTRL_2_1.py","","2026-07-10","passed","2026-07-10","","REPL Tests Linux - v1.6-branch","REPL Tests Linux - v1.6-branch",""
"","28474","TC_FAN_3_5.py","","2026-07-10","passed","2026-07-10","","REPL Tests Linux - v1.6-branch","REPL Tests Linux - v1.6-branch",""
"","6738","TC_EEVSE_2_7.py","","2026-07-10","passed","2026-07-10","","REPL Tests Linux - v1.6-branch","REPL Tests Linux - v1.6-branch",""
"","22766","TC_TIMESYNC_2_7.py","","2026-07-10","passed","2026-07-10","","REPL Tests Linux - v1.6-branch","REPL Tests Linux - v1.6-branch",""
"","8098","TC_WASHERCTRL_2_1.py","","2026-07-10","passed","2026-07-10","","REPL Tests Linux - v1.6-branch","REPL Tests Linux - v1.6-branch",""
"","14991","TC_DeviceConformance.py","","2026-07-10","passed","2026-07-10","","REPL Tests Linux - v1.6-branch","REPL Tests Linux - v1.6-branch",""
"","7188","TC_SETRF_2_1.py","","2026-07-10","passed","2026-07-10","","REPL Tests Linux - v1.6-branch","REPL Tests Linux - v1.6-branch",""
"","7844","TC_DA_1_5.py","","2026-07-10","passed","2026-07-10","","REPL Tests Linux - v1.6-branch","REPL Tests Linux - v1.6-branch",""
"","7628","TC_BOOLCFG_4_4.py","","2026-07-10","passed","2026-07-10","","REPL Tests Linux - v1.6-branch","REPL Tests Linux - v1.6-branch",""
"","12433","TC_VALCC_4_2.py","","2026-07-10","passed","2026-07-10","","REPL Tests Linux - v1.6-branch","REPL Tests Linux - v1.6-branch",""
"","6161","TC_EEVSEM_1_2.py","","2026-07-10","passed","2026-07-10","","REPL Tests Linux - v1.6-branch","REPL Tests Linux - v1.6-branch",""
"","97475","TC_TIMESYNC_2_8.py","","2026-07-10","passed","2026-07-10","","REPL Tests Linux - v1.6-branch","REPL Tests Linux - v1.6-branch",""
"","6402","TC_MWOM_1_2.py","","2026-07-10","passed","2026-07-10","","REPL Tests Linux - v1.6-branch","REPL Tests Linux - v1.6-branch",""
"","6940","TC_ICDM_3_2.py","","2026-07-10","passed","2026-07-10","","REPL Tests Linux - v1.6-branch","REPL Tests Linux - v1.6-branch",""
"","9344","TC_TLSCLIENT_3_2.py","","2026-07-10","passed","2026-07-10","","REPL Tests Linux - v1.6-branch","REPL Tests Linux - v1.6-branch",""
"","10284","TC_CADMIN_1_11.py","","2026-07-10","passed","2026-07-10","","REPL Tests Linux - v1.6-branch","REPL Tests Linux - v1.6-branch",""
"","16040","TC_WEBRTCR_2_1.py","","2026-07-10","passed","2026-07-10","","REPL Tests Linux - v1.6-branch","REPL Tests Linux - v1.6-branch",""
"","13642","TC_OCC_2_2.py","","2026-07-10","passed","2026-07-10","","REPL Tests Linux - v1.6-branch","REPL Tests Linux - v1.6-branch",""
"","8824","TC_DGGEN_2_4.py","","2026-07-10","passed","2026-07-10","","REPL Tests Linux - v1.6-branch","REPL Tests Linux - v1.6-branch",""
"","27532","TC_ICDB_1_2.py","","2026-07-10","passed","2026-07-10","","REPL Tests Linux - v1.6-branch","REPL Tests Linux - v1.6-branch",""
"","8996","TC_ACE_1_3.py","","2026-07-10","passed","2026-07-10","","REPL Tests Linux - v1.6-branch","REPL Tests Linux - v1.6-branch",""
"","13047","TC_CHIME_2_1.py","","2026-07-10","passed","2026-07-10","","REPL Tests Linux - v1.6-branch","REPL Tests Linux - v1.6-branch",""
"","28896","TC_CADMIN_1_10.py","","2026-07-10","passed","2026-07-10","","REPL Tests Linux - v1.6-branch","REPL Tests Linux - v1.6-branch",""
"","8497","TC_VALCC_3_4.py","","2026-07-10","passed","2026-07-10","","REPL Tests Linux - v1.6-branch","REPL Tests Linux - v1.6-branch",""
"","7176","TC_TIMESYNC_2_9.py","","2026-07-10","passed","2026-07-10","","REPL Tests Linux - v1.6-branch","REPL Tests Linux - v1.6-branch",""
"","206103","TC_CADMIN_1_3_4.py","","2026-07-10","passed","2026-07-10","","REPL Tests Linux - v1.6-branch","REPL Tests Linux - v1.6-branch",""
"","6339","TC_CGEN_2_11.py","","2026-07-10","passed","2026-07-10","","REPL Tests Linux - v1.6-branch","REPL Tests Linux - v1.6-branch",""
"","9814","TC_TLSCERT_2_9.py","","2026-07-10","passed","2026-07-10","","REPL Tests Linux - v1.6-branch","REPL Tests Linux - v1.6-branch",""
"","12555","TC_OPSTATE_2_2.py","","2026-07-10","passed","2026-07-10","","REPL Tests Linux - v1.6-branch","REPL Tests Linux - v1.6-branch",""
"","8991","TC_TLSCERT_2_3.py","","2026-07-10","passed","2026-07-10","","REPL Tests Linux - v1.6-branch","REPL Tests Linux - v1.6-branch",""
"","5876","TC_MWOCTRL_2_4.py","","2026-07-10","passed","2026-07-10","","REPL Tests Linux - v1.6-branch","REPL Tests Linux - v1.6-branch",""
"","23859","TC_CCTRL_2_3.py","","2026-07-10","passed","2026-07-10","","REPL Tests Linux - v1.6-branch","REPL Tests Linux - v1.6-branch",""
"","7509","TC_PAVST_2_10.py","","2026-07-10","passed","2026-07-10","","REPL Tests Linux - v1.6-branch","REPL Tests Linux - v1.6-branch",""
"","7856","TC_TSTAT_4_2.py","","2026-07-10","passed","2026-07-10","","REPL Tests Linux - v1.6-branch","REPL Tests Linux - v1.6-branch",""
"","24448","TC_SC_4_3.py","","2026-07-10","passed","2026-07-10","","REPL Tests Linux - v1.6-branch","REPL Tests Linux - v1.6-branch",""
"","7577","TC_ACE_1_5.py","","2026-07-10","passed","2026-07-10","","REPL Tests Linux - v1.6-branch","REPL Tests Linux - v1.6-branch",""
"","9468","TC_TLSCERT_2_7.py","","2026-07-10","passed","2026-07-10","","REPL Tests Linux - v1.6-branch","REPL Tests Linux - v1.6-branch",""
"","8994","TC_SC_3_5.py","","2026-07-10","passed","2026-07-10","","REPL Tests Linux - v1.6-branch","REPL Tests Linux - v1.6-branch",""
"","7642","TC_BOOLCFG_5_1.py","","2026-07-10","passed","2026-07-10","","REPL Tests Linux - v1.6-branch","REPL Tests Linux - v1.6-branch",""
"","6307","TC_EEM_2_1.py","","2026-07-10","passed","2026-07-10","","REPL Tests Linux - v1.6-branch","REPL Tests Linux - v1.6-branch",""
"","7618","TC_BINFO_3_1.py","","2026-07-10","passed","2026-07-10","","REPL Tests Linux - v1.6-branch","REPL Tests Linux - v1.6-branch",""
"","18243","TC_CLDIM_3_1.py","","2026-07-10","passed","2026-07-10","","REPL Tests Linux - v1.6-branch","REPL Tests Linux - v1.6-branch",""
"","5363","TC_SC_7_1.py","","2026-07-10","passed","2026-07-10","","REPL Tests Linux - v1.6-branch","REPL Tests Linux - v1.6-branch",""
"","7517","TC_TIMESYNC_2_5.py","","2026-07-10","passed","2026-07-10","","REPL Tests Linux - v1.6-branch","REPL Tests Linux - v1.6-branch",""
"","7914","TC_WEBRTCP_2_22.py","","2026-07-10","passed","2026-07-10","","REPL Tests Linux - v1.6-branch","REPL Tests Linux - v1.6-branch",""
"","7337","TC_ACE_1_4.py","","2026-07-10","passed","2026-07-10","","REPL Tests Linux - v1.6-branch","REPL Tests Linux - v1.6-branch",""
"","24298","TC_TestAttrAvail.py","","2026-07-10","passed","2026-07-10","","REPL Tests Linux - v1.6-branch","REPL Tests Linux - v1.6-branch",""
"","11803","TC_OPSTATE_2_3.py","","2026-07-10","passed","2026-07-10","","REPL Tests Linux - v1.6-branch","REPL Tests Linux - v1.6-branch",""
"","14228","TC_TIMESYNC_2_13.py","","2026-07-10","passed","2026-07-10","","REPL Tests Linux - v1.6-branch","REPL Tests Linux - v1.6-branch",""
"","7491","TC_WEBRTCP_2_9.py","","2026-07-10","passed","2026-07-10","","REPL Tests Linux - v1.6-branch","REPL Tests Linux - v1.6-branch",""
"","11985","TC_EEM_2_2.py","","2026-07-10","passed","2026-07-10","","REPL Tests Linux - v1.6-branch","REPL Tests Linux - v1.6-branch",""
"","114961","TC_DeviceBasicComposition.py","","2026-07-10","passed","2026-07-10","","REPL Tests Linux - v1.6-branch","REPL Tests Linux - v1.6-branch",""
"","7852","TC_WEBRTCP_2_23.py","","2026-07-10","passed","2026-07-10","","REPL Tests Linux - v1.6-branch","REPL Tests Linux - v1.6-branch",""
"","22605","TC_EWATERHTR_2_2.py","","2026-07-10","passed","2026-07-10","","REPL Tests Linux - v1.6-branch","REPL Tests Linux - v1.6-branch",""
"","7515","TC_TIMESYNC_2_6.py","","2026-07-10","passed","2026-07-10","","REPL Tests Linux - v1.6-branch","REPL Tests Linux - v1.6-branch",""
"","6611","TC_BRBINFO_2_1.py","","2026-07-10","passed","2026-07-10","","REPL Tests Linux - v1.6-branch","REPL Tests Linux - v1.6-branch",""
"","6855","TC_AVSM_2_13.py","","2026-07-10","passed","2026-07-10","","REPL Tests Linux - v1.6-branch","REPL Tests Linux - v1.6-branch",""
"","22789","TC_CCTRL_2_2.py","","2026-07-10","passed","2026-07-10","","REPL Tests Linux - v1.6-branch","REPL Tests Linux - v1.6-branch",""
"","13149","TC_CHIME_2_6.py","","2026-07-10","passed","2026-07-10","","REPL Tests Linux - v1.6-branch","REPL Tests Linux - v1.6-branch",""
"","6976","TC_AVSM_2_20.py","","2026-07-10","passed","2026-07-10","","REPL Tests Linux - v1.6-branch","REPL Tests Linux - v1.6-branch",""
"","6935","TC_AVSUM_2_8.py","","2026-07-10","passed","2026-07-10","","REPL Tests Linux - v1.6-branch","REPL Tests Linux - v1.6-branch",""
"","7299","TC_TIMESYNC_3_1.py","","2026-07-10","passed","2026-07-10","","REPL Tests Linux - v1.6-branch","REPL Tests Linux - v1.6-branch",""
"","6312","TC_SEAR_1_5.py","","2026-07-10","passed","2026-07-10","","REPL Tests Linux - v1.6-branch","REPL Tests Linux - v1.6-branch",""
"","23566","TC_TIMESYNC_2_12.py","","2026-07-10","passed","2026-07-10","","REPL Tests Linux - v1.6-branch","REPL Tests Linux - v1.6-branch",""
"","23116","TC_TIMESYNC_2_10.py","","2026-07-10","passed","2026-07-10","","REPL Tests Linux - v1.6-branch","REPL Tests Linux - v1.6-branch",""
"","12929","TC_VALCC_4_5.py","","2026-07-10","passed","2026-07-10","","REPL Tests Linux - v1.6-branch","REPL Tests Linux - v1.6-branch",""
"","9122","TC_TLSCLIENT_3_3.py","","2026-07-10","passed","2026-07-10","","REPL Tests Linux - v1.6-branch","REPL Tests Linux - v1.6-branch",""
"","6919","TC_ZONEMGMT_2_2.py","","2026-07-10","passed","2026-07-10","","REPL Tests Linux - v1.6-branch","REPL Tests Linux - v1.6-branch",""
"","6686","TC_VALCC_2_1.py","","2026-07-10","passed","2026-07-10","","REPL Tests Linux - v1.6-branch","REPL Tests Linux - v1.6-branch",""
"","7517","TC_DRLK_2_9.py","","2026-07-10","passed","2026-07-10","","REPL Tests Linux - v1.6-branch","REPL Tests Linux - v1.6-branch",""
"","7461","TC_IDM_4_2.py","","2026-07-10","passed","2026-07-10","","REPL Tests Linux - v1.6-branch","REPL Tests Linux - v1.6-branch",""
"","6403","TC_ICDManagementCluster.py","","2026-07-10","passed","2026-07-10","","REPL Tests Linux - v1.6-branch","REPL Tests Linux - v1.6-branch",""
"","6191","TC_CGEN_2_8.py","","2026-07-10","passed","2026-07-10","","REPL Tests Linux - v1.6-branch","REPL Tests Linux - v1.6-branch",""
"","7391","TC_AVSM_2_16.py","","2026-07-10","passed","2026-07-10","","REPL Tests Linux - v1.6-branch","REPL Tests Linux - v1.6-branch",""
"","15396","TC_DA_1_2.py","","2026-07-10","passed","2026-07-10","","REPL Tests Linux - v1.6-branch","REPL Tests Linux - v1.6-branch",""
"","7205","TC_RVCOPSTATE_2_1.py","","2026-07-10","passed","2026-07-10","","REPL Tests Linux - v1.6-branch","REPL Tests Linux - v1.6-branch",""
"","28422","TC_ICDB_1_1.py","","2026-07-10","passed","2026-07-10","","REPL Tests Linux - v1.6-branch","REPL Tests Linux - v1.6-branch",""
"","6262","TC_DEM_2_3.py","","2026-07-10","passed","2026-07-10","","REPL Tests Linux - v1.6-branch","REPL Tests Linux - v1.6-branch",""
"","6216","TC_SEAR_1_6.py","","2026-07-10","passed","2026-07-10","","REPL Tests Linux - v1.6-branch","REPL Tests Linux - v1.6-branch",""
"","21207","TC_DRLK_2_2.py","","2026-07-10","passed","2026-07-10","","REPL Tests Linux - v1.6-branch","REPL Tests Linux - v1.6-branch",""
"","6591","TC_DEM_2_7.py","","2026-07-10","passed","2026-07-10","","REPL Tests Linux - v1.6-branch","REPL Tests Linux - v1.6-branch",""
"","6788","TC_RVCRUNM_2_2.py","","2026-07-10","passed","2026-07-10","","REPL Tests Linux - v1.6-branch","REPL Tests Linux - v1.6-branch",""
"","17641","TC_EEVSE_2_2.py","","2026-07-10","passed","2026-07-10","","REPL Tests Linux - v1.6-branch","REPL Tests Linux - v1.6-branch",""
"","71114","TC_SWTCH.py","","2026-07-10","passed","2026-07-10","","REPL Tests Linux - v1.6-branch","REPL Tests Linux - v1.6-branch",""
"","12353","TC_FAN_2_4.py","","2026-07-10","passed","2026-07-10","","REPL Tests Linux - v1.6-branch","REPL Tests Linux - v1.6-branch",""
"","10143","TC_IDM_3_2.py","","2026-07-10","passed","2026-07-10","","REPL Tests Linux - v1.6-branch","REPL Tests Linux - v1.6-branch",""
"","7480","TC_CADMIN_1_22.py","","2026-07-10","passed","2026-07-10","","REPL Tests Linux - v1.6-branch","REPL Tests Linux - v1.6-branch",""
"","7108","TC_TSTAT_2_2.py","","2026-07-10","passed","2026-07-10","","REPL Tests Linux - v1.6-branch","REPL Tests Linux - v1.6-branch",""
"","6918","TC_WEBRTCP_2_15.py","","2026-07-10","passed","2026-07-10","","REPL Tests Linux - v1.6-branch","REPL Tests Linux - v1.6-branch",""
"","8466","TC_PAVST_2_4.py","","2026-07-10","passed","2026-07-10","","REPL Tests Linux - v1.6-branch","REPL Tests Linux - v1.6-branch",""
"","7218","TC_ACL_2_2.py","","2026-07-10","passed","2026-07-10","","REPL Tests Linux - v1.6-branch","REPL Tests Linux - v1.6-branch",""
"","19082","TC_FAN_3_1.py","","2026-07-10","passed","2026-07-10","","REPL Tests Linux - v1.6-branch","REPL Tests Linux - v1.6-branch",""
"","6124","TC_COMMTR_2_1.py","","2026-07-10","passed","2026-07-10","","REPL Tests Linux - v1.6-branch","REPL Tests Linux - v1.6-branch",""
"","7810","TC_DGSW_2_1.py","","2026-07-10","passed","2026-07-10","","REPL Tests Linux - v1.6-branch","REPL Tests Linux - v1.6-branch",""
"","9095","TC_ACL_2_7.py","","2026-07-10","passed","2026-07-10","","REPL Tests Linux - v1.6-branch","REPL Tests Linux - v1.6-branch",""
"","6829","TC_DRLK_2_5.py","","2026-07-10","passed","2026-07-10","","REPL Tests Linux - v1.6-branch","REPL Tests Linux - v1.6-branch",""
"","77973","TC_JFADMIN_1_4.py","","2026-07-10","passed","2026-07-10","","REPL Tests Linux - v1.6-branch","REPL Tests Linux - v1.6-branch",""
"","7242","TC_AVSUM_2_7.py","","2026-07-10","passed","2026-07-10","","REPL Tests Linux - v1.6-branch","REPL Tests Linux - v1.6-branch",""
"","7991","TestReadSubscribeAceExistenceErrors.py","","2026-07-10","passed","2026-07-10","","REPL Tests Linux - v1.6-branch","REPL Tests Linux - v1.6-branch",""
"","13083","TC_GC_2_2.py","","2026-07-10","passed","2026-07-10","","REPL Tests Linux - v1.6-branch","REPL Tests Linux - v1.6-branch",""
"","7779","TC_AVSM_2_1.py","","2026-07-10","passed","2026-07-10","","REPL Tests Linux - v1.6-branch","REPL Tests Linux - v1.6-branch",""
"","16690","TC_DEM_2_4.py","","2026-07-10","passed","2026-07-10","","REPL Tests Linux - v1.6-branch","REPL Tests Linux - v1.6-branch",""
"","8605","TC_TLSCERT_2_11.py","","2026-07-10","passed","2026-07-10","","REPL Tests Linux - v1.6-branch","REPL Tests Linux - v1.6-branch",""
"","9038","TC_CLCTRL_5_1.py","","2026-07-10","passed","2026-07-10","","REPL Tests Linux - v1.6-branch","REPL Tests Linux - v1.6-branch",""
"","36021","TC_SC_5_2.py","","2026-07-10","passed","2026-07-10","","REPL Tests Linux - v1.6-branch","REPL Tests Linux - v1.6-branch",""
"","2526","TC_DA_1_9.py","","2026-07-10","passed","2026-07-10","","REPL Tests Linux - v1.6-branch","REPL Tests Linux - v1.6-branch",""
"","18653","TC_CLDIM_3_3.py","","2026-07-10","passed","2026-07-10","","REPL Tests Linux - v1.6-branch","REPL Tests Linux - v1.6-branch",""
"","6738","TC_RVCCLEANM_1_2.py","","2026-07-10","passed","2026-07-10","","REPL Tests Linux - v1.6-branch","REPL Tests Linux - v1.6-branch",""
"","9283","TC_OVENOPSTATE_2_6.py","","2026-07-10","passed","2026-07-10","","REPL Tests Linux - v1.6-branch","REPL Tests Linux - v1.6-branch",""
"","16937","TC_SC_3_4.py","","2026-07-10","passed","2026-07-10","","REPL Tests Linux - v1.6-branch","REPL Tests Linux - v1.6-branch",""
"","6809","TC_AVSM_2_5.py","","2026-07-10","passed","2026-07-10","","REPL Tests Linux - v1.6-branch","REPL Tests Linux - v1.6-branch",""
"","8746","TC_TCTL_2_3.py","","2026-07-10","passed","2026-07-10","","REPL Tests Linux - v1.6-branch","REPL Tests Linux - v1.6-branch",""
"","8195","TC_TLSCERT_2_4.py","","2026-07-10","passed","2026-07-10","","REPL Tests Linux - v1.6-branch","REPL Tests Linux - v1.6-branch",""
"","6814","TC_DISHM_1_2.py","","2026-07-10","passed","2026-07-10","","REPL Tests Linux - v1.6-branch","REPL Tests Linux - v1.6-branch",""
"","7141","TC_WEBRTCP_2_24.py","","2026-07-10","passed","2026-07-10","","REPL Tests Linux - v1.6-branch","REPL Tests Linux - v1.6-branch",""
"","10659","TC_REFALM_2_2.py","","2026-07-10","passed","2026-07-10","","REPL Tests Linux - v1.6-branch","REPL Tests Linux - v1.6-branch",""
"","6470","TC_WEBRTCP_2_1.py","","2026-07-10","passed","2026-07-10","","REPL Tests Linux - v1.6-branch","REPL Tests Linux - v1.6-branch",""
"","6284","TC_SEAR_1_4.py","","2026-07-10","passed","2026-07-10","","REPL Tests Linux - v1.6-branch","REPL Tests Linux - v1.6-branch",""
"","6346","TC_SETRF_2_2.py","","2026-07-10","passed","2026-07-10","","REPL Tests Linux - v1.6-branch","REPL Tests Linux - v1.6-branch",""
"","11722","TC_IDM_5_2.py","","2026-07-10","passed","2026-07-10","","REPL Tests Linux - v1.6-branch","REPL Tests Linux - v1.6-branch",""
"","8188","TC_WEBRTC_1_4.py","","2026-07-10","passed","2026-07-10","","REPL Tests Linux - v1.6-branch","REPL Tests Linux - v1.6-branch",""
"","10225","TC_AVSUM_2_9.py","","2026-07-10","passed","2026-07-10","","REPL Tests Linux - v1.6-branch","REPL Tests Linux - v1.6-branch",""
"","6306","TC_EEVSE_2_9.py","","2026-07-10","passed","2026-07-10","","REPL Tests Linux - v1.6-branch","REPL Tests Linux - v1.6-branch",""
"","16829","TC_GC_2_4.py","","2026-07-10","passed","2026-07-10","","REPL Tests Linux - v1.6-branch","REPL Tests Linux - v1.6-branch",""
"","6811","TC_DRLK_2_13.py","","2026-07-10","passed","2026-07-10","","REPL Tests Linux - v1.6-branch","REPL Tests Linux - v1.6-branch",""
"","6609","TC_AVSM_2_11.py","","2026-07-10","passed","2026-07-10","","REPL Tests Linux - v1.6-branch","REPL Tests Linux - v1.6-branch",""
"","8367","TC_DISHM_2_1.py","","2026-07-10","passed","2026-07-10","","REPL Tests Linux - v1.6-branch","REPL Tests Linux - v1.6-branch",""
"","6880","TC_AVSM_2_2.py","","2026-07-10","passed","2026-07-10","","REPL Tests Linux - v1.6-branch","REPL Tests Linux - v1.6-branch",""
"","6540","TC_MWOCTRL_2_2.py","","2026-07-10","passed","2026-07-10","","REPL Tests Linux - v1.6-branch","REPL Tests Linux - v1.6-branch",""
"","7814","TC_CNET_4_3.py","","2026-07-10","passed","2026-07-10","","REPL Tests Linux - v1.6-branch","REPL Tests Linux - v1.6-branch",""
"","9401","TC_PAVST_2_3.py","","2026-07-10","passed","2026-07-10","","REPL Tests Linux - v1.6-branch","REPL Tests Linux - v1.6-branch",""
"","6432","TC_RVCCLEANM_2_1.py","","2026-07-10","passed","2026-07-10","","REPL Tests Linux - v1.6-branch","REPL Tests Linux - v1.6-branch",""
"","13328","TC_G_2_2.py","","2026-07-10","passed","2026-07-10","","REPL Tests Linux - v1.6-branch","REPL Tests Linux - v1.6-branch",""
"","7962","TC_TLSCLIENT_2_1.py","","2026-07-10","passed","2026-07-10","","REPL Tests Linux - v1.6-branch","REPL Tests Linux - v1.6-branch",""
"","4961","TC_JFADMIN_2_1.py","","2026-07-10","passed","2026-07-10","","REPL Tests Linux - v1.6-branch","REPL Tests Linux - v1.6-branch",""
"","7556","TC_VALCC_3_3.py","","2026-07-10","passed","2026-07-10","","REPL Tests Linux - v1.6-branch","REPL Tests Linux - v1.6-branch",""
"","7106","TC_SMOKECO_2_2.py","","2026-07-10","passed","2026-07-10","","REPL Tests Linux - v1.6-branch","REPL Tests Linux - v1.6-branch",""
"","8217","TC_PAVST_2_5.py","","2026-07-10","passed","2026-07-10","","REPL Tests Linux - v1.6-branch","REPL Tests Linux - v1.6-branch",""
"","17827","TC_WEBRTCR_2_3.py","","2026-07-10","passed","2026-07-10","","REPL Tests Linux - v1.6-branch","REPL Tests Linux - v1.6-branch",""
"","7572","TC_OVENOPSTATE_2_4.py","","2026-07-10","passed","2026-07-10","","REPL Tests Linux - v1.6-branch","REPL Tests Linux - v1.6-branch",""
"","28469","TC_RR_1_1.py","","2026-07-10","passed","2026-07-10","","REPL Tests Linux - v1.6-branch","REPL Tests Linux - v1.6-branch",""
"","7534","TC_TIMESYNC_2_4.py","","2026-07-10","passed","2026-07-10","","REPL Tests Linux - v1.6-branch","REPL Tests Linux - v1.6-branch",""
"","6936","TC_AVSM_2_9.py","","2026-07-10","passed","2026-07-10","","REPL Tests Linux - v1.6-branch","REPL Tests Linux - v1.6-branch",""
"","6325","TC_AVSUM_2_6.py","","2026-07-10","passed","2026-07-10","","REPL Tests Linux - v1.6-branch","REPL Tests Linux - v1.6-branch",""
"","9894","TC_PAVST_2_6.py","","2026-07-10","passed","2026-07-10","","REPL Tests Linux - v1.6-branch","REPL Tests Linux - v1.6-branch",""
"","8192","TC_SOIL_2_1.py","","2026-07-10","passed","2026-07-10","","REPL Tests Linux - v1.6-branch","REPL Tests Linux - v1.6-branch",""
"","7300","TC_IDM_2_3.py","","2026-07-10","passed","2026-07-10","","REPL Tests Linux - v1.6-branch","REPL Tests Linux - v1.6-branch",""
"","6242","TC_CGEN_2_10.py","","2026-07-10","passed","2026-07-10","","REPL Tests Linux - v1.6-branch","REPL Tests Linux - v1.6-branch",""
"","11817","TC_IDM_1_2.py","","2026-07-10","passed","2026-07-10","","REPL Tests Linux - v1.6-branch","REPL Tests Linux - v1.6-branch",""
"","27581","TC_SMOKECO_2_4.py","","2026-07-10","passed","2026-07-10","","REPL Tests Linux - v1.6-branch","REPL Tests Linux - v1.6-branch",""
"","6320","TC_DEM_2_5.py","","2026-07-10","passed","2026-07-10","","REPL Tests Linux - v1.6-branch","REPL Tests Linux - v1.6-branch",""
"","7309","TC_WEBRTCP_2_16.py","","2026-07-10","passed","2026-07-10","","REPL Tests Linux - v1.6-branch","REPL Tests Linux - v1.6-branch",""
"","108574","TC_PAVST_2_13.py","","2026-07-10","passed","2026-07-10","","REPL Tests Linux - v1.6-branch","REPL Tests Linux - v1.6-branch",""
"","7600","TC_GC_2_3.py","","2026-07-10","passed","2026-07-10","","REPL Tests Linux - v1.6-branch","REPL Tests Linux - v1.6-branch",""
"","6911","TC_WEBRTCP_2_10.py","","2026-07-10","passed","2026-07-10","","REPL Tests Linux - v1.6-branch","REPL Tests Linux - v1.6-branch",""
"","6904","TC_AVSM_2_14.py","","2026-07-10","passed","2026-07-10","","REPL Tests Linux - v1.6-branch","REPL Tests Linux - v1.6-branch",""
"","7589","TC_CLCTRL_4_3.py","","2026-07-10","passed","2026-07-10","","REPL Tests Linux - v1.6-branch","REPL Tests Linux - v1.6-branch",""
"","6818","TC_DA_1_7.py","","2026-07-10","passed","2026-07-10","","REPL Tests Linux - v1.6-branch","REPL Tests Linux - v1.6-branch",""
"","7057","TC_WEBRTCP_2_32.py","","2026-07-10","passed","2026-07-10","","REPL Tests Linux - v1.6-branch","REPL Tests Linux - v1.6-branch",""
"","23381","TC_CADMIN_1_15.py","","2026-07-10","passed","2026-07-10","","REPL Tests Linux - v1.6-branch","REPL Tests Linux - v1.6-branch",""
"","7130","TC_EEVSE_2_5.py","","2026-07-10","passed","2026-07-10","","REPL Tests Linux - v1.6-branch","REPL Tests Linux - v1.6-branch",""
"","7027","TC_EWATERHTR_2_3.py","","2026-07-10","passed","2026-07-10","","REPL Tests Linux - v1.6-branch","REPL Tests Linux - v1.6-branch",""
"","13410","TC_OCC_2_3.py","","2026-07-10","passed","2026-07-10","","REPL Tests Linux - v1.6-branch","REPL Tests Linux - v1.6-branch",""
"","8267","TC_RVCOPSTATE_2_5.py","","2026-07-10","passed","2026-07-10","","REPL Tests Linux - v1.6-branch","REPL Tests Linux - v1.6-branch",""
"","39354","TC_CLCTRL_4_1.py","","2026-07-10","passed","2026-07-10","","REPL Tests Linux - v1.6-branch","REPL Tests Linux - v1.6-branch",""
"","6018","TC_EGC_2_2.py","","2026-07-10","passed","2026-07-10","","REPL Tests Linux - v1.6-branch","REPL Tests Linux - v1.6-branch",""
"","7040","TC_AVSUM_2_1.py","","2026-07-10","passed","2026-07-10","","REPL Tests Linux - v1.6-branch","REPL Tests Linux - v1.6-branch",""
"","7142","TC_VALCC_4_3.py","","2026-07-10","passed","2026-07-10","","REPL Tests Linux - v1.6-branch","REPL Tests Linux - v1.6-branch",""
"","60143","TC_ECOINFO_2_2.py","","2026-07-10","passed","2026-07-10","","REPL Tests Linux - v1.6-branch","REPL Tests Linux - v1.6-branch",""
"","12225","TC_VALCC_4_1.py","","2026-07-10","passed","2026-07-10","","REPL Tests Linux - v1.6-branch","REPL Tests Linux - v1.6-branch",""
"","5756","TC_CGEN_2_9.py","","2026-07-10","passed","2026-07-10","","REPL Tests Linux - v1.6-branch","REPL Tests Linux - v1.6-branch",""
"","7317","TC_PAVSTI_1_1.py","","2026-07-10","passed","2026-07-10","","REPL Tests Linux - v1.6-branch","REPL Tests Linux - v1.6-branch",""
"","6677","TC_WEBRTCP_2_30.py","","2026-07-10","passed","2026-07-10","","REPL Tests Linux - v1.6-branch","REPL Tests Linux - v1.6-branch",""
"","13174","TC_IDM_9_1.py","","2026-07-10","passed","2026-07-10","","REPL Tests Linux - v1.6-branch","REPL Tests Linux - v1.6-branch",""
"","7391","TC_OPSTATE_2_4.py","","2026-07-10","passed","2026-07-10","","REPL Tests Linux - v1.6-branch","REPL Tests Linux - v1.6-branch",""
"","6310","TC_DEM_2_1.py","","2026-07-10","passed","2026-07-10","","REPL Tests Linux - v1.6-branch","REPL Tests Linux - v1.6-branch",""
"","8351","TC_LCFG_2_1.py","","2026-07-10","passed","2026-07-10","","REPL Tests Linux - v1.6-branch","REPL Tests Linux - v1.6-branch",""
"","7192","TC_BOOLCFG_2_1.py","","2026-07-10","passed","2026-07-10","","REPL Tests Linux - v1.6-branch","REPL Tests Linux - v1.6-branch",""
"","6629","TC_ACL_2_11.py","","2026-07-10","passed","2026-07-10","","REPL Tests Linux - v1.6-branch","REPL Tests Linux - v1.6-branch",""
"","6706","TC_ICDM_2_1.py","","2026-07-10","passed","2026-07-10","","REPL Tests Linux - v1.6-branch","REPL Tests Linux - v1.6-branch",""
"","7655","TC_BOOLCFG_4_3.py","","2026-07-10","passed","2026-07-10","","REPL Tests Linux - v1.6-branch","REPL Tests Linux - v1.6-branch",""
"","6057","TC_TMP_2_1.py","","2026-07-10","passed","2026-07-10","","REPL Tests Linux - v1.6-branch","REPL Tests Linux - v1.6-branch",""
"","6500","TC_AVSM_2_4.py","","2026-07-10","passed","2026-07-10","","REPL Tests Linux - v1.6-branch","REPL Tests Linux - v1.6-branch",""
"","28604","TC_EEVSE_2_6.py","","2026-07-10","passed","2026-07-10","","REPL Tests Linux - v1.6-branch","REPL Tests Linux - v1.6-branch",""
"","66442","TC_ICDB_2_4.py","","2026-07-10","passed","2026-07-10","","REPL Tests Linux - v1.6-branch","REPL Tests Linux - v1.6-branch",""
"","6200","TC_ICDM_3_4.py","","2026-07-10","passed","2026-07-10","","REPL Tests Linux - v1.6-branch","REPL Tests Linux - v1.6-branch",""
"","6957","TC_CC_6_5.py","","2026-07-10","passed","2026-07-10","","REPL Tests Linux - v1.6-branch","REPL Tests Linux - v1.6-branch",""
"","27307","TC_MCORE_FS_1_2.py","","2026-07-10","passed","2026-07-10","","REPL Tests Linux - v1.6-branch","REPL Tests Linux - v1.6-branch",""
"","7490","TC_WEBRTCP_2_31.py","","2026-07-10","passed","2026-07-10","","REPL Tests Linux - v1.6-branch","REPL Tests Linux - v1.6-branch",""
"","10006","TC_TLSCERT_2_8.py","","2026-07-10","passed","2026-07-10","","REPL Tests Linux - v1.6-branch","REPL Tests Linux - v1.6-branch",""
"","28785","TC_MCORE_FS_1_3.py","","2026-07-10","passed","2026-07-10","","REPL Tests Linux - v1.6-branch","REPL Tests Linux - v1.6-branch",""
"","10238","TC_DISHALM_2_1.py","","2026-07-10","passed","2026-07-10","","REPL Tests Linux - v1.6-branch","REPL Tests Linux - v1.6-branch",""
"","8345","TC_TIMESYNC_2_1.py","","2026-07-10","passed","2026-07-10","","REPL Tests Linux - v1.6-branch","REPL Tests Linux - v1.6-branch",""
"","9206","TC_ACL_2_10.py","","2026-07-10","passed","2026-07-10","","REPL Tests Linux - v1.6-branch","REPL Tests Linux - v1.6-branch",""
"","8631","TC_TLSCERT_2_6.py","","2026-07-10","passed","2026-07-10","","REPL Tests Linux - v1.6-branch","REPL Tests Linux - v1.6-branch",""
"","88602","TC_OPSTATE_2_5.py","","2026-07-10","passed","2026-07-10","","REPL Tests Linux - v1.6-branch","REPL Tests Linux - v1.6-branch",""
"","13575","TC_CHIME_2_2.py","","2026-07-10","passed","2026-07-10","","REPL Tests Linux - v1.6-branch","REPL Tests Linux - v1.6-branch",""
"","9680","TC_PAVST_2_11.py","","2026-07-10","passed","2026-07-10","","REPL Tests Linux - v1.6-branch","REPL Tests Linux - v1.6-branch",""
"","302156","TC_AccessChecker.py","","2026-07-10","passed","2026-07-10","","REPL Tests Linux - v1.6-branch","REPL Tests Linux - v1.6-branch",""
"","7806","TC_BOOLCFG_3_1.py","","2026-07-10","passed","2026-07-10","","REPL Tests Linux - v1.6-branch","REPL Tests Linux - v1.6-branch",""
"","6464","TC_WEBRTCP_2_2.py","","2026-07-10","passed","2026-07-10","","REPL Tests Linux - v1.6-branch","REPL Tests Linux - v1.6-branch",""
"","7224","TC_SMOKECO_2_7.py","","2026-07-10","passed","2026-07-10","","REPL Tests Linux - v1.6-branch","REPL Tests Linux - v1.6-branch",""
"","6599","TC_PAVST_2_1.py","","2026-07-10","passed","2026-07-10","","REPL Tests Linux - v1.6-branch","REPL Tests Linux - v1.6-branch",""
"","6811","TC_AVSM_2_12.py","","2026-07-10","passed","2026-07-10","","REPL Tests Linux - v1.6-branch","REPL Tests Linux - v1.6-branch",""
"","7806","TC_VALCC_4_4.py","","2026-07-10","passed","2026-07-10","","REPL Tests Linux - v1.6-branch","REPL Tests Linux - v1.6-branch",""
"","8883","TC_TLSCLIENT_3_10.py","","2026-07-10","passed","2026-07-10","","REPL Tests Linux - v1.6-branch","REPL Tests Linux - v1.6-branch",""
"","5825","TC_WHM_1_2.py","","2026-07-10","passed","2026-07-10","","REPL Tests Linux - v1.6-branch","REPL Tests Linux - v1.6-branch",""
"","8903","TC_SMOKECO_2_6.py","","2026-07-10","passed","2026-07-10","","REPL Tests Linux - v1.6-branch","REPL Tests Linux - v1.6-branch",""
"","7026","TC_BOOLCFG_4_2.py","","2026-07-10","passed","2026-07-10","","REPL Tests Linux - v1.6-branch","REPL Tests Linux - v1.6-branch",""
"","8191","TC_FLABEL_2_1.py","","2026-07-10","passed","2026-07-10","","REPL Tests Linux - v1.6-branch","REPL Tests Linux - v1.6-branch",""
"","9936","TC_TLSCERT_2_10.py","","2026-07-10","passed","2026-07-10","","REPL Tests Linux - v1.6-branch","REPL Tests Linux - v1.6-branch",""
"","17304","TC_CCTRL_2_1.py","","2026-07-10","passed","2026-07-10","","REPL Tests Linux - v1.6-branch","REPL Tests Linux - v1.6-branch",""
"","2887","TC_JFADMIN_1_1.py","","2026-07-10","passed","2026-07-10","","REPL Tests Linux - v1.6-branch","REPL Tests Linux - v1.6-branch",""
"","12598","TC_FAN_2_1.py","","2026-07-10","passed","2026-07-10","","REPL Tests Linux - v1.6-branch","REPL Tests Linux - v1.6-branch",""
"","6822","TC_DEM_2_6.py","","2026-07-10","passed","2026-07-10","","REPL Tests Linux - v1.6-branch","REPL Tests Linux - v1.6-branch",""
"","7607","TC_GC_2_7.py","","2026-07-10","passed","2026-07-10","","REPL Tests Linux - v1.6-branch","REPL Tests Linux - v1.6-branch",""
"","10755","TC_AVSUM_2_4.py","","2026-07-10","passed","2026-07-10","","REPL Tests Linux - v1.6-branch","REPL Tests Linux - v1.6-branch",""
"","18014","TC_EEM_2_5.py","","2026-07-10","passed","2026-07-10","","REPL Tests Linux - v1.6-branch","REPL Tests Linux - v1.6-branch",""
"","8218","TC_LUNIT_3_1.py","","2026-07-10","passed","2026-07-10","","REPL Tests Linux - v1.6-branch","REPL Tests Linux - v1.6-branch",""
"","8912","TC_ACL_2_4.py","","2026-07-10","passed","2026-07-10","","REPL Tests Linux - v1.6-branch","REPL Tests Linux - v1.6-branch",""
"","7107","TC_WEBRTCP_2_14.py","","2026-07-10","passed","2026-07-10","","REPL Tests Linux - v1.6-branch","REPL Tests Linux - v1.6-branch",""
"","17087","TC_OPCREDS_3_4.py","","2026-07-10","passed","2026-07-10","","REPL Tests Linux - v1.6-branch","REPL Tests Linux - v1.6-branch",""
"","12941","TC_FAN_3_2.py","","2026-07-10","passed","2026-07-10","","REPL Tests Linux - v1.6-branch","REPL Tests Linux - v1.6-branch",""
"","7016","TC_CLDIM_2_1.py","","2026-07-10","passed","2026-07-10","","REPL Tests Linux - v1.6-branch","REPL Tests Linux - v1.6-branch",""
"","6697","TC_WHM_2_1.py","","2026-07-10","passed","2026-07-10","","REPL Tests Linux - v1.6-branch","REPL Tests Linux - v1.6-branch",""
"","7109","TC_AVSM_2_21.py","","2026-07-10","passed","2026-07-10","","REPL Tests Linux - v1.6-branch","REPL Tests Linux - v1.6-branch",""
"","1480","TestFrameworkArgParsing.py","","2026-07-10","passed","2026-07-10","","REPL Tests Linux - v1.6-branch","REPL Tests Linux - v1.6-branch",""
"","7163","TC_MOD_1_2.py","","2026-07-10","passed","2026-07-10","","REPL Tests Linux - v1.6-branch","REPL Tests Linux - v1.6-branch",""
"","7305","TC_TIMESYNC_2_2.py","","2026-07-10","passed","2026-07-10","","REPL Tests Linux - v1.6-branch","REPL Tests Linux - v1.6-branch",""
"","26292","TC_ECOINFO_2_1.py","","2026-07-10","passed","2026-07-10","","REPL Tests Linux - v1.6-branch","REPL Tests Linux - v1.6-branch",""
"","6752","TC_RVCOPSTATE_2_4.py","","2026-07-10","passed","2026-07-10","","REPL Tests Linux - v1.6-branch","REPL Tests Linux - v1.6-branch",""
"","6319","TC_EPM_2_1.py","","2026-07-10","passed","2026-07-10","","REPL Tests Linux - v1.6-branch","REPL Tests Linux - v1.6-branch",""
"","9808","TC_ACL_2_8.py","","2026-07-10","passed","2026-07-10","","REPL Tests Linux - v1.6-branch","REPL Tests Linux - v1.6-branch",""
"","6742","TC_BOOLCFG_4_1.py","","2026-07-10","passed","2026-07-10","","REPL Tests Linux - v1.6-branch","REPL Tests Linux - v1.6-branch",""
"","2939","TC_JFDS_2_3.py","","2026-07-10","passed","2026-07-10","","REPL Tests Linux - v1.6-branch","REPL Tests Linux - v1.6-branch",""
"","23691","TC_PAVST_2_12.py","","2026-07-10","passed","2026-07-10","","REPL Tests Linux - v1.6-branch","REPL Tests Linux - v1.6-branch",""
"","6872","TC_WEBRTC_1_3.py","","2026-07-10","passed","2026-07-10","","REPL Tests Linux - v1.6-branch","REPL Tests Linux - v1.6-branch",""
"","8338","TC_OPCREDS_3_5.py","","2026-07-10","passed","2026-07-10","","REPL Tests Linux - v1.6-branch","REPL Tests Linux - v1.6-branch",""
"","6085","TC_GC_2_1.py","","2026-07-10","passed","2026-07-10","","REPL Tests Linux - v1.6-branch","REPL Tests Linux - v1.6-branch",""
"","8398","TC_PAVST_2_2.py","","2026-07-10","passed","2026-07-10","","REPL Tests Linux - v1.6-branch","REPL Tests Linux - v1.6-branch",""
"","8898","TC_LTIME_3_1.py","","2026-07-10","passed","2026-07-10","","REPL Tests Linux - v1.6-branch","REPL Tests Linux - v1.6-branch",""
"","35496","TC_CLDIM_4_1.py","","2026-07-10","passed","2026-07-10","","REPL Tests Linux - v1.6-branch","REPL Tests Linux - v1.6-branch",""
"","7746","TC_VALCC_3_2.py","","2026-07-10","passed","2026-07-10","","REPL Tests Linux - v1.6-branch","REPL Tests Linux - v1.6-branch",""
"","16309","TC_GC_2_8.py","","2026-07-10","passed","2026-07-10","","REPL Tests Linux - v1.6-branch","REPL Tests Linux - v1.6-branch",""
"","7748","TC_BINFO_2_2.py","","2026-07-10","passed","2026-07-10","","REPL Tests Linux - v1.6-branch","REPL Tests Linux - v1.6-branch",""
"","9043","TC_CLCTRL_4_2.py","","2026-07-10","passed","2026-07-10","","REPL Tests Linux - v1.6-branch","REPL Tests Linux - v1.6-branch",""
"","6983","TC_BINFO_3_2.py","","2026-07-10","passed","2026-07-10","","REPL Tests Linux - v1.6-branch","REPL Tests Linux - v1.6-branch",""
"","6932","TC_AVSM_2_3.py","","2026-07-10","passed","2026-07-10","","REPL Tests Linux - v1.6-branch","REPL Tests Linux - v1.6-branch",""
"","8960","TC_JFADMIN_2_2.py","","2026-07-10","passed","2026-07-10","","REPL Tests Linux - v1.6-branch","REPL Tests Linux - v1.6-branch",""
"","8251","TC_TLSCERT_2_1.py","","2026-07-10","passed","2026-07-10","","REPL Tests Linux - v1.6-branch","REPL Tests Linux - v1.6-branch",""
"","6800","TC_IDM_1_4.py","","2026-07-10","passed","2026-07-10","","REPL Tests Linux - v1.6-branch","REPL Tests Linux - v1.6-branch",""
"","19061","TC_SMOKECO_2_5.py","","2026-07-10","passed","2026-07-10","","REPL Tests Linux - v1.6-branch","REPL Tests Linux - v1.6-branch",""
"","10737","TC_MOD_2_3.py","","2026-07-10","passed","2026-07-10","","REPL Tests Linux - v1.6-branch","REPL Tests Linux - v1.6-branch",""
"","8849","TC_DA_1_1.py","","2026-07-10","passed","2026-07-10","","REPL Tests Linux - v1.6-branch","REPL Tests Linux - v1.6-branch",""
"","14364","TC_ICDM_5_1.py","","2026-07-10","passed","2026-07-10","","REPL Tests Linux - v1.6-branch","REPL Tests Linux - v1.6-branch",""
"","7057","TC_TSTAT_4_3.py","","2026-07-10","passed","2026-07-10","","REPL Tests Linux - v1.6-branch","REPL Tests Linux - v1.6-branch",""
"","6167","TC_CGEN_2_7.py","","2026-07-10","passed","2026-07-10","","REPL Tests Linux - v1.6-branch","REPL Tests Linux - v1.6-branch",""
"","6895","TC_WEBRTCP_2_21.py","","2026-07-10","passed","2026-07-10","","REPL Tests Linux - v1.6-branch","REPL Tests Linux - v1.6-branch",""
"","6951","TC_AVSM_2_7.py","","2026-07-10","passed","2026-07-10","","REPL Tests Linux - v1.6-branch","REPL Tests Linux - v1.6-branch",""
"","6576","TC_WEBRTCP_2_3.py","","2026-07-10","passed","2026-07-10","","REPL Tests Linux - v1.6-branch","REPL Tests Linux - v1.6-branch",""
"","6790","TC_CC_10_1.py","","2026-07-10","passed","2026-07-10","","REPL Tests Linux - v1.6-branch","REPL Tests Linux - v1.6-branch",""
"","7405","TC_ACL_2_6.py","","2026-07-10","passed","2026-07-10","","REPL Tests Linux - v1.6-branch","REPL Tests Linux - v1.6-branch",""
"","7635","TC_WEBRTCP_2_27.py","","2026-07-10","passed","2026-07-10","","REPL Tests Linux - v1.6-branch","REPL Tests Linux - v1.6-branch",""
"","6610","TC_AVSM_StreamReuseRangeParams.py","","2026-07-10","passed","2026-07-10","","REPL Tests Linux - v1.6-branch","REPL Tests Linux - v1.6-branch",""
"","7301","TC_TestEventTrigger.py","","2026-07-10","passed","2026-07-10","","REPL Tests Linux - v1.6-branch","REPL Tests Linux - v1.6-branch",""
"","7875","TC_PAVST_2_8.py","","2026-07-10","passed","2026-07-10","","REPL Tests Linux - v1.6-branch","REPL Tests Linux - v1.6-branch",""
"","7251","TC_GC_2_6.py","","2026-07-10","passed","2026-07-10","","REPL Tests Linux - v1.6-branch","REPL Tests Linux - v1.6-branch",""
"","9322","TC_TLSCLIENT_3_20.py","","2026-07-10","passed","2026-07-10","","REPL Tests Linux - v1.6-branch","REPL Tests Linux - v1.6-branch",""
"","6276","TC_SEPR_2_1.py","","2026-07-10","passed","2026-07-10","","REPL Tests Linux - v1.6-branch","REPL Tests Linux - v1.6-branch",""
"","18922","TC_OPCREDS_3_1.py","","2026-07-10","passed","2026-07-10","","REPL Tests Linux - v1.6-branch","REPL Tests Linux - v1.6-branch",""
"","7539","TC_CNET_1_4.py","","2026-07-10","passed","2026-07-10","","REPL Tests Linux - v1.6-branch","REPL Tests Linux - v1.6-branch",""
"","127336","TC_ICDB_2_1_2_2.py","","2026-07-10","passed","2026-07-10","","REPL Tests Linux - v1.6-branch","REPL Tests Linux - v1.6-branch",""
"","6401","TC_AVSM_2_6.py","","2026-07-10","passed","2026-07-10","","REPL Tests Linux - v1.6-branch","REPL Tests Linux - v1.6-branch",""
"","12047","TC_EPM_2_2.py","","2026-07-10","passed","2026-07-10","","REPL Tests Linux - v1.6-branch","REPL Tests Linux - v1.6-branch",""
"","6586","TC_AVSUM_2_5.py","","2026-07-10","passed","2026-07-10","","REPL Tests Linux - v1.6-branch","REPL Tests Linux - v1.6-branch",""
"","6356","TC_ZONEMGMT_2_3.py","","2026-07-10","passed","2026-07-10","","REPL Tests Linux - v1.6-branch","REPL Tests Linux - v1.6-branch",""
"","37352","TC_DRLK_2_12.py","","2026-07-10","passed","2026-07-10","","REPL Tests Linux - v1.6-branch","REPL Tests Linux - v1.6-branch",""
"","8611","TC_TLSCERT_2_5.py","","2026-07-10","passed","2026-07-10","","REPL Tests Linux - v1.6-branch","REPL Tests Linux - v1.6-branch",""
"","6173","TC_EEVSE_2_8.py","","2026-07-10","passed","2026-07-10","","REPL Tests Linux - v1.6-branch","REPL Tests Linux - v1.6-branch",""
"","8593","TC_WEBRTC_1_2.py","","2026-07-10","passed","2026-07-10","","REPL Tests Linux - v1.6-branch","REPL Tests Linux - v1.6-branch",""
"","5997","TC_LVL_9_1.py","","2026-07-10","passed","2026-07-10","","REPL Tests Linux - v1.6-branch","REPL Tests Linux - v1.6-branch",""
"","7284","TC_LWM_1_2.py","","2026-07-10","passed","2026-07-10","","REPL Tests Linux - v1.6-branch","REPL Tests Linux - v1.6-branch",""
"","7488","TC_ACL_2_9.py","","2026-07-10","passed","2026-07-10","","REPL Tests Linux - v1.6-branch","REPL Tests Linux - v1.6-branch",""
"","7411","TC_CLDIM_4_2.py","","2026-07-10","passed","2026-07-10","","REPL Tests Linux - v1.6-branch","REPL Tests Linux - v1.6-branch",""
"","7439","TC_SEAR_1_2.py","","2026-07-10","passed","2026-07-10","","REPL Tests Linux - v1.6-branch","REPL Tests Linux - v1.6-branch",""
"","17369","TC_WEBRTCR_2_7.py","","2026-07-10","passed","2026-07-10","","REPL Tests Linux - v1.6-branch","REPL Tests Linux - v1.6-branch",""
"","6781","TC_GC_2_5.py","","2026-07-10","passed","2026-07-10","","REPL Tests Linux - v1.6-branch","REPL Tests Linux - v1.6-branch",""
"","11213","TCP_Tests.py","","2026-07-10","passed","2026-07-10","","REPL Tests Linux - v1.6-branch","REPL Tests Linux - v1.6-branch",""
"","6521","TC_MWOCTRL_2_1.py","","2026-07-10","passed","2026-07-10","","REPL Tests Linux - v1.6-branch","REPL Tests Linux - v1.6-branch",""
"","6666","TC_WEBRTCP_2_12.py","","2026-07-10","passed","2026-07-10","","REPL Tests Linux - v1.6-branch","REPL Tests Linux - v1.6-branch",""
"","7572","TC_AVSM_2_17.py","","2026-07-10","passed","2026-07-10","","REPL Tests Linux - v1.6-branch","REPL Tests Linux - v1.6-branch",""
"","6832","TC_OVENOPSTATE_2_5.py","","2026-07-10","passed","2026-07-10","","REPL Tests Linux - v1.6-branch","REPL Tests Linux - v1.6-branch",""
"","21535","TC_DEM_2_2.py","","2026-07-10","passed","2026-07-10","","REPL Tests Linux - v1.6-branch","REPL Tests Linux - v1.6-branch",""
"","7419","TC_OTCCM_1_2.py","","2026-07-10","passed","2026-07-10","","REPL Tests Linux - v1.6-branch","REPL Tests Linux - v1.6-branch",""
"","163624","TC_SC_4_1.py","","2026-07-10","passed","2026-07-10","","REPL Tests Linux - v1.6-branch","REPL Tests Linux - v1.6-branch",""
"","6299","TC_EWATERHTR_2_1.py","","2026-07-10","passed","2026-07-10","","REPL Tests Linux - v1.6-branch","REPL Tests Linux - v1.6-branch",""
"","9287","TC_CLDIM_3_2.py","","2026-07-10","passed","2026-07-10","","REPL Tests Linux - v1.6-branch","REPL Tests Linux - v1.6-branch",""
"","6802","TC_ICDM_3_1.py","","2026-07-10","passed","2026-07-10","","REPL Tests Linux - v1.6-branch","REPL Tests Linux - v1.6-branch",""
"","13511","TC_CHIME_2_3.py","","2026-07-10","passed","2026-07-10","","REPL Tests Linux - v1.6-branch","REPL Tests Linux - v1.6-branch",""
"","6328","TC_EGC_2_1.py","","2026-07-10","passed","2026-07-10","","REPL Tests Linux - v1.6-branch","REPL Tests Linux - v1.6-branch",""
"","6550","TC_WEBRTCP_2_20.py","","2026-07-10","passed","2026-07-10","","REPL Tests Linux - v1.6-branch","REPL Tests Linux - v1.6-branch",""
"","72868","TC_ICDB_2_3.py","","2026-07-10","passed","2026-07-10","","REPL Tests Linux - v1.6-branch","REPL Tests Linux - v1.6-branch",""
"","19672","TC_CADMIN_1_9.py","","2026-07-10","passed","2026-07-10","","REPL Tests Linux - v1.6-branch","REPL Tests Linux - v1.6-branch",""
"","8346","TC_TLSCERT_2_12.py","","2026-07-10","passed","2026-07-10","","REPL Tests Linux - v1.6-branch","REPL Tests Linux - v1.6-branch",""
"","8231","TC_CADMIN_1_25.py","","2026-07-10","passed","2026-07-10","","REPL Tests Linux - v1.6-branch","REPL Tests Linux - v1.6-branch",""
"","6593","TC_SEAR_1_3.py","","2026-07-10","passed","2026-07-10","","REPL Tests Linux - v1.6-branch","REPL Tests Linux - v1.6-branch",""
"","7776","TC_BOOLCFG_6_1.py","","2026-07-10","passed","2026-07-10","","REPL Tests Linux - v1.6-branch","REPL Tests Linux - v1.6-branch",""
"","23089","TC_EEVSE_2_10.py","","2026-07-10","passed","2026-07-10","","REPL Tests Linux - v1.6-branch","REPL Tests Linux - v1.6-branch",""
"","12787","TC_AVSUM_2_2.py","","2026-07-10","passed","2026-07-10","","REPL Tests Linux - v1.6-branch","REPL Tests Linux - v1.6-branch",""
"","7801","TC_AVSM_2_19.py","","2026-07-10","passed","2026-07-10","","REPL Tests Linux - v1.6-branch","REPL Tests Linux - v1.6-branch",""
"","12192","TC_CLCTRL_4_4.py","","2026-07-10","passed","2026-07-10","","REPL Tests Linux - v1.6-branch","REPL Tests Linux - v1.6-branch",""
"","44470","TC_ZONEMGMT_2_4.py","","2026-07-10","passed","2026-07-10","","REPL Tests Linux - v1.6-branch","REPL Tests Linux - v1.6-branch",""
"","8125","TC_SMOKECO_2_3.py","","2026-07-10","passed","2026-07-10","","REPL Tests Linux - v1.6-branch","REPL Tests Linux - v1.6-branch",""
"","6831","TC_AVSM_2_8.py","","2026-07-10","passed","2026-07-10","","REPL Tests Linux - v1.6-branch","REPL Tests Linux - v1.6-branch",""
"","6854","TC_RVCOPSTATE_2_3.py","","2026-07-10","passed","2026-07-10","","REPL Tests Linux - v1.6-branch","REPL Tests Linux - v1.6-branch",""
"","6701","TC_EEVSE_2_3.py","","2026-07-10","passed","2026-07-10","","REPL Tests Linux - v1.6-branch","REPL Tests Linux - v1.6-branch",""
"","27495","TC_FAN_4_1.py","","2026-07-10","passed","2026-07-10","","REPL Tests Linux - v1.6-branch","REPL Tests Linux - v1.6-branch",""
"","6546","TC_WEBRTCP_2_6.py","","2026-07-10","passed","2026-07-10","","REPL Tests Linux - v1.6-branch","REPL Tests Linux - v1.6-branch",""
"","28111","TC_MCORE_FS_1_5.py","","2026-07-10","passed","2026-07-10","","REPL Tests Linux - v1.6-branch","REPL Tests Linux - v1.6-branch",""
"","12553","TC_FAN_2_3.py","","2026-07-10","passed","2026-07-10","","REPL Tests Linux - v1.6-branch","REPL Tests Linux - v1.6-branch",""
"","7896","TC_AVSM_2_18.py","","2026-07-10","passed","2026-07-10","","REPL Tests Linux - v1.6-branch","REPL Tests Linux - v1.6-branch",""
"","18910","TC_CLCTRL_3_1.py","","2026-07-10","passed","2026-07-10","","REPL Tests Linux - v1.6-branch","REPL Tests Linux - v1.6-branch",""
"","7709","TC_OPCREDS_3_2.py","","2026-07-10","passed","2026-07-10","","REPL Tests Linux - v1.6-branch","REPL Tests Linux - v1.6-branch",""
"","6553","TC_ZONEMGMT_2_1.py","","2026-07-10","passed","2026-07-10","","REPL Tests Linux - v1.6-branch","REPL Tests Linux - v1.6-branch",""
"","6749","TC_WEBRTCP_2_25.py","","2026-07-10","passed","2026-07-10","","REPL Tests Linux - v1.6-branch","REPL Tests Linux - v1.6-branch",""
"","9012","TC_ACL_2_5.py","","2026-07-10","passed","2026-07-10","","REPL Tests Linux - v1.6-branch","REPL Tests Linux - v1.6-branch",""
"","6543","TC_DEM_2_8.py","","2026-07-10","passed","2026-07-10","","REPL Tests Linux - v1.6-branch","REPL Tests Linux - v1.6-branch",""
"","6275","TC_DEMM_1_2.py","","2026-07-10","passed","2026-07-10","","REPL Tests Linux - v1.6-branch","REPL Tests Linux - v1.6-branch",""
"","6503","TC_SEPR_2_2.py","","2026-07-10","passed","2026-07-10","","REPL Tests Linux - v1.6-branch","REPL Tests Linux - v1.6-branch",""
"","6455","TC_ICDB_3_1.py","","2026-07-10","passed","2026-07-10","","REPL Tests Linux - v1.6-branch","REPL Tests Linux - v1.6-branch",""
"","7260","TC_EPREF_2_1.py","","2026-07-10","passed","2026-07-10","","REPL Tests Linux - v1.6-branch","REPL Tests Linux - v1.6-branch",""
"","6941","TC_WEBRTCP_2_5.py","","2026-07-10","passed","2026-07-10","","REPL Tests Linux - v1.6-branch","REPL Tests Linux - v1.6-branch",""
"","2514","TC_JFDS_2_4.py","","2026-07-10","passed","2026-07-10","","REPL Tests Linux - v1.6-branch","REPL Tests Linux - v1.6-branch",""
"","8111","TC_BOOL_2_2.py","","2026-07-10","passed","2026-07-10","","REPL Tests Linux - v1.6-branch","REPL Tests Linux - v1.6-branch",""
"","7721","TC_SMOKECO_2_1.py","","2026-07-10","passed","2026-07-10","","REPL Tests Linux - v1.6-branch","REPL Tests Linux - v1.6-branch",""
"","7875","TC_PAVSTI_1_2.py","","2026-07-10","passed","2026-07-10","","REPL Tests Linux - v1.6-branch","REPL Tests Linux - v1.6-branch",""
"","6087","TC_CGEN_2_6.py","","2026-07-10","passed","2026-07-10","","REPL Tests Linux - v1.6-branch","REPL Tests Linux - v1.6-branch",""
"","40225","TC_OPSTATE_2_6.py","","2026-07-10","passed","2026-07-10","","REPL Tests Linux - v1.6-branch","REPL Tests Linux - v1.6-branch",""
"","8278","TC_WEBRTC_1_1.py","","2026-07-10","passed","2026-07-10","","REPL Tests Linux - v1.6-branch","REPL Tests Linux - v1.6-branch",""
"","9253","TC_TLSCLIENT_3_1.py","","2026-07-10","passed","2026-07-10","","REPL Tests Linux - v1.6-branch","REPL Tests Linux - v1.6-branch",""
"","6232","TC_ICDB_3_2.py","","2026-07-10","passed","2026-07-10","","REPL Tests Linux - v1.6-branch","REPL Tests Linux - v1.6-branch",""
"","19404","TC_AVSUM_2_3.py","","2026-07-10","passed","2026-07-10","","REPL Tests Linux - v1.6-branch","REPL Tests Linux - v1.6-branch",""
"","7153","TC_CGEN_2_1.py","","2026-07-10","passed","2026-07-10","","REPL Tests Linux - v1.6-branch","REPL Tests Linux - v1.6-branch",""
"","8906","TC_ACL_2_3.py","","2026-07-10","passed","2026-07-10","","REPL Tests Linux - v1.6-branch","REPL Tests Linux - v1.6-branch",""
"","20575","TC_OO_2_7.py","","2026-07-10","passed","2026-07-10","","REPL Tests Linux - v1.6-branch","REPL Tests Linux - v1.6-branch",""
"","18622","TC_CADMIN_1_19.py","","2026-07-10","passed","2026-07-10","","REPL Tests Linux - v1.6-branch","REPL Tests Linux - v1.6-branch",""
"","62418","TC_LVL_2_3.py","","2026-07-10","passed","2026-07-10","","REPL Tests Linux - v1.6-branch","REPL Tests Linux - v1.6-branch",""
"","6423","TC_AVSM_2_10.py","","2026-07-10","passed","2026-07-10","","REPL Tests Linux - v1.6-branch","REPL Tests Linux - v1.6-branch",""
"","8642","TC_SOIL_2_2.py","","2026-07-10","passed","2026-07-10","","REPL Tests Linux - v1.6-branch","REPL Tests Linux - v1.6-branch",""
"","6101","TC_COMMTR_3_1.py","","2026-07-10","passed","2026-07-10","","REPL Tests Linux - v1.6-branch","REPL Tests Linux - v1.6-branch",""
"","13191","TC_FAN_3_4.py","","2026-07-10","passed","2026-07-10","","REPL Tests Linux - v1.6-branch","REPL Tests Linux - v1.6-branch",""
"","2291","TC_JFADMIN_1_2.py","","2026-07-10","passed","2026-07-10","","REPL Tests Linux - v1.6-branch","REPL Tests Linux - v1.6-branch",""
"","7441","TC_WEBRTCP_2_11.py","","2026-07-10","passed","2026-07-10","","REPL Tests Linux - v1.6-branch","REPL Tests Linux - v1.6-branch",""
"","12881","TC_CHIME_2_5.py","","2026-07-10","passed","2026-07-10","","REPL Tests Linux - v1.6-branch","REPL Tests Linux - v1.6-branch",""
"","12920","TC_CHIME_2_4.py","","2026-07-10","passed","2026-07-10","","REPL Tests Linux - v1.6-branch","REPL Tests Linux - v1.6-branch",""
"","8456","TC_DGGEN_2_5.py","","2026-07-10","passed","2026-07-10","","REPL Tests Linux - v1.6-branch","REPL Tests Linux - v1.6-branch",""
"","51628","TC_ACE_1_6.py","","2026-07-10","passed","2026-07-10","","REPL Tests Linux - v1.6-branch","REPL Tests Linux - v1.6-branch",""
"","16958","TC_IDM_2_2.py","","2026-07-10","passed","2026-07-10","","REPL Tests Linux - v1.6-branch","REPL Tests Linux - v1.6-branch",""
"","21669","TC_SC_5_1.py","","2026-07-10","passed","2026-07-10","","REPL Tests Linux - v1.6-branch","REPL Tests Linux - v1.6-branch",""
"","6661","TC_WEBRTCP_2_29.py","","2026-07-10","passed","2026-07-10","","REPL Tests Linux - v1.6-branch","REPL Tests Linux - v1.6-branch",""
"","11947","TC_EEM_2_4.py","","2026-07-10","passed","2026-07-10","","REPL Tests Linux - v1.6-branch","REPL Tests Linux - v1.6-branch",""
"","6813","TC_WEBRTCP_2_4.py","","2026-07-10","passed","2026-07-10","","REPL Tests Linux - v1.6-branch","REPL Tests Linux - v1.6-branch",""
"","11613","TC_SC_3_6.py","","2026-07-10","passed","2026-07-10","","REPL Tests Linux - v1.6-branch","REPL Tests Linux - v1.6-branch",""
"","8614","TC_PAVST_2_7.py","","2026-07-10","passed","2026-07-10","","REPL Tests Linux - v1.6-branch","REPL Tests Linux - v1.6-branch",""
"","6787","TC_WEBRTCP_2_17.py","","2026-07-10","passed","2026-07-10","","REPL Tests Linux - v1.6-branch","REPL Tests Linux - v1.6-branch",""
"","13149","TC_OCC_2_1.py","","2026-07-10","passed","2026-07-10","","REPL Tests Linux - v1.6-branch","REPL Tests Linux - v1.6-branch",""
"","6602","TC_CC_2_1.py","","2026-07-10","passed","2026-07-10","","REPL Tests Linux - v1.6-branch","REPL Tests Linux - v1.6-branch",""
"","6908","TC_VALCC_3_1.py","","2026-07-10","passed","2026-07-10","","REPL Tests Linux - v1.6-branch","REPL Tests Linux - v1.6-branch",""
"","6121","TC_RVCRUNM_2_1.py","","2026-07-10","passed","2026-07-10","","REPL Tests Linux - v1.6-branch","REPL Tests Linux - v1.6-branch",""
"","40255","TC_DEM_2_10.py","","2026-07-10","passed","2026-07-10","","REPL Tests Linux - v1.6-branch","REPL Tests Linux - v1.6-branch",""
"","16788","TC_WEBRTCR_2_2.py","","2026-07-10","passed","2026-07-10","","REPL Tests Linux - v1.6-branch","REPL Tests Linux - v1.6-branch",""
"","7046","TC_WEBRTCP_2_13.py","","2026-07-10","passed","2026-07-10","","REPL Tests Linux - v1.6-branch","REPL Tests Linux - v1.6-branch",""
"","38354","TC_PS_2_3.py","","2026-07-10","passed","2026-07-10","","REPL Tests Linux - v1.6-branch","REPL Tests Linux - v1.6-branch",""
"","36827","TC_TIMESYNC_2_11.py","","2026-07-10","passed","2026-07-10","","REPL Tests Linux - v1.6-branch","REPL Tests Linux - v1.6-branch",""
"","14624","TC_ACE_1_2.py","","2026-07-10","passed","2026-07-10","","REPL Tests Linux - v1.6-branch","REPL Tests Linux - v1.6-branch",""
"","37438","TC_DRLK_2_3.py","","2026-07-10","passed","2026-07-10","","REPL Tests Linux - v1.6-branch","REPL Tests Linux - v1.6-branch",""
"","16376","TC_DD_1_16_17.py","","2026-07-10","passed","2026-07-10","","REPL Tests Linux - v1.6-branch","REPL Tests Linux - v1.6-branch",""
"","6600","TC_AVSM_2_15.py","","2026-07-10","passed","2026-07-10","","REPL Tests Linux - v1.6-branch","REPL Tests Linux - v1.6-branch",""
"","17792","TC_EEM_2_3.py","","2026-07-10","passed","2026-07-10","","REPL Tests Linux - v1.6-branch","REPL Tests Linux - v1.6-branch",""
"","6441","TC_DefaultWarnings.py","","2026-07-10","passed","2026-07-10","","REPL Tests Linux - v1.6-branch","REPL Tests Linux - v1.6-branch",""
"","7494","TC_OPSTATE_2_1.py","","2026-07-10","passed","2026-07-10","","REPL Tests Linux - v1.6-branch","REPL Tests Linux - v1.6-branch",""
"","6337","TC_MTRID_2_1.py","","2026-07-10","passed","2026-07-10","","REPL Tests Linux - v1.6-branch","REPL Tests Linux - v1.6-branch",""
"","21267","TC_MCORE_FS_1_1.py","","2026-07-10","passed","2026-07-10","","REPL Tests Linux - v1.6-branch","REPL Tests Linux - v1.6-branch",""
"","6485","TC_RVCCLEANM_2_2.py","","2026-07-10","passed","2026-07-10","","REPL Tests Linux - v1.6-branch","REPL Tests Linux - v1.6-branch",""
"","6532","TC_SETRF_2_3.py","","2026-07-10","passed","2026-07-10","","REPL Tests Linux - v1.6-branch","REPL Tests Linux - v1.6-branch",""
"","20461","TC_CLCTRL_6_1.py","","2026-07-10","passed","2026-07-10","","REPL Tests Linux - v1.6-branch","REPL Tests Linux - v1.6-branch",""
"","2818","TC_JFDS_2_1.py","","2026-07-10","passed","2026-07-10","","REPL Tests Linux - v1.6-branch","REPL Tests Linux - v1.6-branch",""
"","7260","TC_BOOLCFG_5_2.py","","2026-07-10","passed","2026-07-10","","REPL Tests Linux - v1.6-branch","REPL Tests Linux - v1.6-branch",""
"","14615","TC_WEBRTCR_2_4.py","","2026-07-10","passed","2026-07-10","","REPL Tests Linux - v1.6-branch","REPL Tests Linux - v1.6-branch",""
"","17373","TC_WEBRTCR_2_6.py","","2026-07-10","passed","2026-07-10","","REPL Tests Linux - v1.6-branch","REPL Tests Linux - v1.6-branch",""
"","18463","TC_I_2_4.py","","2026-07-10","passed","2026-07-10","","REPL Tests Linux - v1.6-branch","REPL Tests Linux - v1.6-branch",""
"","9007","TC_WEBRTC_1_8.py","","2026-07-10","passed","2026-07-10","","REPL Tests Linux - v1.6-branch","REPL Tests Linux - v1.6-branch",""
"","10140","TC_TLSCERT_2_2.py","","2026-07-10","passed","2026-07-10","","REPL Tests Linux - v1.6-branch","REPL Tests Linux - v1.6-branch",""
"","9138","TC_EEVSE_2_4.py","","2026-07-10","passed","2026-07-10","","REPL Tests Linux - v1.6-branch","REPL Tests Linux - v1.6-branch",""
"","6372","TC_SU_4_1.py","","2026-07-10","passed","2026-07-10","","REPL Tests Linux - v1.6-branch","REPL Tests Linux - v1.6-branch",""
"","10944","TC_OPCREDS_3_8.py","","2026-07-10","passed","2026-07-10","","REPL Tests Linux - v1.6-branch","REPL Tests Linux - v1.6-branch",""
"","6656","TC_WEBRTCP_2_8.py","","2026-07-10","passed","2026-07-10","","REPL Tests Linux - v1.6-branch","REPL Tests Linux - v1.6-branch",""
"","6670","TC_WEBRTCP_2_18.py","","2026-07-10","passed","2026-07-10","","REPL Tests Linux - v1.6-branch","REPL Tests Linux - v1.6-branch",""
"","7000","TC_WEBRTCP_2_7.py","","2026-07-10","passed","2026-07-10","","REPL Tests Linux - v1.6-branch","REPL Tests Linux - v1.6-branch",""
"","6082","TC_ICDM_3_3.py","","2026-07-10","passed","2026-07-10","","REPL Tests Linux - v1.6-branch","REPL Tests Linux - v1.6-branch",""
"","16657","TC_CGEN_2_4.py","","2026-07-10","passed","2026-07-10","","REPL Tests Linux - v1.6-branch","REPL Tests Linux - v1.6-branch",""
"","12264","TC_OVENOPSTATE_2_2.py","","2026-07-10","passed","2026-07-10","","REPL Tests Linux - v1.6-branch","REPL Tests Linux - v1.6-branch",""
"","6277","TC_CGEN_2_5.py","","2026-07-10","passed","2026-07-10","","REPL Tests Linux - v1.6-branch","REPL Tests Linux - v1.6-branch",""
"","2654","TC_JFDS_2_2.py","","2026-07-10","passed","2026-07-10","","REPL Tests Linux - v1.6-branch","REPL Tests Linux - v1.6-branch",""
"","262533","TC_CADMIN_1_5.py","","2026-07-10","passed","2026-07-10","","REPL Tests Linux - v1.6-branch","REPL Tests Linux - v1.6-branch",""
"","7702","TC_BINFO_2_1.py","","2026-07-10","passed","2026-07-10","","REPL Tests Linux - v1.6-branch","REPL Tests Linux - v1.6-branch",""
"","6125","TC_RVCRUNM_1_2.py","","2026-07-10","passed","2026-07-10","","REPL Tests Linux - v1.6-branch","REPL Tests Linux - v1.6-branch",""
"","21477","TC_CGEN_2_2.py","","2026-07-10","passed","2026-07-10","","REPL Tests Linux - v1.6-branch","REPL Tests Linux - v1.6-branch",""
